49.67367232513314
-31.718053884145867
28.58915427490409
-34.668341919992606
-3.5314286057522253
29.130295895609024
28.93088785161433
32.13172423870917
-11.455117005527654
-3.655464444985782
-2.7189353132698812
-13.810601835264308
30.334719276772176
31.234885125665215
42.565042004629106
-35.56291370320953
21.6804358745524
28.541834573775247
31.248851165940422
-43.01161467671501
49.87182125141146
69.17328572395166
0.8709289317166622
4.491196715363543
40.99481301023684
23.08816390369641
-19.112118740381035
-6.236842518684597
-21.641089291194263
3.4769244119481755
-19.33501105980882
-27.53440715949263
-51.920673860204204
-10.001600948538155
69.39461330856491
-30.358749497447157
42.70492452221268
54.912484160474804
9.826469321549638
-38.45840688788587
73.19393517000933
-3.7221170491300484
-31.334716280274442
-3.2690062052480897
81.91412757837409
-20.21355198076337
-11.859033144215928
50.94588375729819
35.936963863470964
-71.53739019436422
31.013226815005908
-12.830074642879893
12.6595311502372
61.44778442055025
-6.093599361743841
7.968700393583518
-58.672850576628655
-45.01580801745705
-51.3297135215202
-14.060996642758752
18.05629849387404
-78.82578274684991
59.262944849918966
-15.821490108501337
1.2864517791363141
-10.780706681192996
16.149673414670502
-61.42051958454873
47.243156814982825
-58.44987291697874
13.967668742916857
70.25535110954047
45.34162540144254
25.241685563292933
-60.9175018847482
-57.11128459593951
14.532531881444484
-18.32350484575464
20.576417403797663
1.6766027054478059
2.75664988717503
-14.371117748584922
40.33308208696545
-3.17388087532575
73.62068139270312
49.81071403861708
45.34928203987988
41.36389749746425
-51.165501949129094
-45.68885555172189
22.45986274021641
-52.676550180922256
-27.737942228780945
17.374187043025344
29.590824521616454
-10.248710285891988
53.88792223818575
-45.83949981668602
-8.428400668884976
57.52571680491468
-55.32608919498143
26.564782469479596
-62.02065819898421
41.06410290817138
-56.08190455921646
-13.098711046579822
29.701904208130728
76.09148523567197
-45.130335532474064
39.31835232216787
-51.8104793804998
32.88378530290353
-48.177035356731544
-86.94928718426591
-42.97562600196859
-69.97633069551945
-8.287650906521378
65.11528429674362
16.005175311974796
-26.140309346045754
31.437838637574686
11.624434137604496
-30.018130832453586
-37.34443492439373
18.855220519661486
-7.250843491263609
-35.44279480887024
60.594283441670655
-59.541045252936094
71.35996923255695
-65.49722320031586
39.80766497718187
47.473683108216704
-27.521438246749113
-51.96491686393857
-9.05877707687307
-42.91583225253839
30.06961716116102
-12.18309030651335
-35.99779733833426
1.2690391065526825
46.9213775440507
-10.740920276698048
57.45928206452004
-51.06123620035869
-45.75376131901554
39.68322239940437
45.04448141809118
-14.363848953662682
-18.668659052052973
-11.212565729820554
-57.57363267618426
-85.81211998466372
80.09248830013016
-28.42355890540903
-53.98082698398867
-0.5764629242972319
-15.546873546287301
63.541487978208295
22.803430701915374
25.024305814320314
38.27124724911366
46.61837189980207
-63.16502287359295
-26.526680733912386
17.47753731878315
-3.8594121993743755
-32.30951688989956
-4.264082841871485
3.8288202473905955
-54.07168346991998
-44.341852207661866
20.88150450873512
-31.671761258001958
-43.40179335309459
14.630932703998141
4.515540202953147
1.9407205965980125
21.931396902650405
7.9069321248879305
-20.378558097428794
-25.63105629708251
1.8792051088027648
-27.244756622419068
35.737649974315346
2.2964837674068406
0.9224346284766654
-36.25420356532462
19.807971033945662
-66.00701650772004
2.316295678679623
39.72414355212621
-13.420043027868914
-46.99205459759883
-62.415862121279574
-58.08911606385069
77.36956297509454
34.9207231803702
56.43998435036693
-53.731571768553756
20.074434576978362
-7.164732451711586
-1.8341028663565595
21.60845503251508
77.45325976611161
-26.57751552072275
-37.354251160672355
57.64239390092996
-80.13432008480494
-54.584151782295415
-46.038510880317865
-78.42631153309054
-3.1557777401519758
-59.04902075299649
50.63106847955916
9.861671715235971
5.42593790904732
19.30472240248531
31.429338307856995
58.643225572804425
63.67691812983608
-62.63970359847232
-30.67113361964266
51.98192150316419
10.120355439584301
-22.389134146780364
-27.88836533235922
35.26336114124133
34.591942008116476
9.372955441257304
19.76425216237405
-34.84099423538935
4.3560491536543395
-38.09570932987978
30.75980088341089
64.69315412533282
60.55211965082279
-42.8231207348838
-7.765792266584683
81.41009630672781
-58.83741848871835
-69.4996392632768
50.26723929690897
63.395768073782506
32.4458764102214
12.152607301339273
25.228498562583425
-13.0217780361438
61.73709542997548
48.77942438611416
-37.28005747491501
-46.17028713508352
23.97961502423874
16.521538985966032
-17.71398130082048
-27.356667279922597
-49.24356362270017
-9.333123998633766
-34.12019052290959
47.05266367504717
-48.60371329891955
9.090077556766389
-7.599950306507836
38.774108675193474
-28.37995908618978
17.182553810157543
-35.29140283094403
18.49232129338438
52.27030047297487
12.452941612067406
5.220822475602418
-10.481617285578253
-25.124692505154954
-11.512726058423269
-12.52028369095656
-41.54505801083114
-25.777144931341923
18.011578440428224
3.3409902218735823
31.320574466288207
-28.800361783543416
-12.262737528797715
-0.42730862842755357
-74.48884803642335
38.06340250700629
32.398913190148875
-39.275027556368215
20.282273539916602
11.24780613151718
53.40891357416015
14.241953053266627
-48.09236216168359
-26.294909445587216
56.30304738374613
-4.606011335479479
24.9130546119095
47.57213373470228
37.954519383798285
46.71635312580108
19.835810602835494
41.8909592970131
34.933552814158176
-30.933089102760476
-43.52018592867643
-50.044241613466404
20.172171566090896
-30.578680360226763
4.232200355350415
-8.543624833937557
47.06098474594347
-10.209387098420109
17.226823764273263
11.78614683451353
25.174764530097903
-24.771212860745308
40.23920399570943
39.007294000360616
31.299931626745263
86.14660211463831
44.014533369571495
25.24099956379554
-23.014393922428354
-49.242366176211725
69.40275866703226
-5.248928267073055
79.00900649190706
-6.472608008147304
-41.77240879295936
35.58343266264488
-56.8986608435325
53.09613801388397
-2.1511296932438455
-65.87068295314396
-0.49064156073913523
50.058098858936575
3.321839562204474
27.675598911930706
-22.31835854581088
2.9604109382472927
8.041074099202916
6.753750628349394
-27.09288565370489
-18.505578230966236
59.052505936027075
1.8492435070795352
47.14351314258158
-1.0526971386965585
31.019123448785223
44.64574598692391
-59.15072993067908
-33.05347613257073
65.76336819231855
42.98959152091351
30.42070286789263
44.19386068911419
-70.82042680932018
2.1779376842573157
-11.379566980371209
-1.9115701702528298
77.97391392107255
-20.242650826574774
51.72307270732645
-46.839304183501994
26.13339951565257
52.39583394201625
28.120822026889172
-8.993584519256103
18.90892571416282
35.99173970652387
-46.89239596456426
0.8369222930102183
-54.61768681692822
-10.849897789037769
-0.9149441852027422
60.81628595909439
-26.08069743245379
-55.361346101193504
15.730508151887236
-46.63718348963558
-26.672356900314064
59.606859875140884
-14.051938555651148
26.559698143699478
45.60227040420466
-55.6620249691738
-29.351020289404502
-15.198981724651844
72.622309904562
-21.819535764417765
37.9101732326816
-34.8343993694383
3.558531094183053
-50.28057930919359
46.05227623679414
11.455583910213932
-62.07309779483671
-16.65337978030523
4.1228091739368296
-19.539062992848812
26.910309959358244
24.839771357691106
-31.822449908751004
33.02303779558902
10.784028482722448
55.37490291821737
-37.35298440628404
10.80808856257211
69.7755611144226
-12.541042966423603
54.04328163116361
48.34524849100498
25.57239994240075
14.601588455949639
-76.7517410492551
-54.03757556876525
-26.331108924327545
-20.219657493847336
-20.635757033363774
-40.073939391752525
-15.567470006259697
14.324709982284787
9.804451791046233
26.246773193849123
-34.37262827637794
-16.296965165224393
-7.59375899011232
84.2074630536676
-16.19283128617731
0.20818258275224366
-39.76622209214743
-74.67982260088581
53.870681472540724
-8.818667996042365
58.233084388890546
-7.988244304409207
-17.25917330173958
-22.267605854168167
-32.40614220972679
22.61960645953704
26.250677884202602
-71.62675335306002
55.54418810745736
15.243578704188025
43.937600859976584
-3.169698899126118
17.731848462520347
-60.36542900787016
-43.92169091867277
-32.21405831265091
17.50058206665534
-17.163164057328572
-11.188014383343614
71.04027806562667
65.79049244136377
17.69672487398107
30.380324467853157
-65.20324488664917
-56.295623812698786
11.327795302541631
5.7036783115206475
21.94370774446665
0.013307717349306358
-27.578053097377044
-48.9968712255654
38.30046205803339
22.436073197338743
31.538440173214724
23.276229333580332
50.151375180920155
50.217133586192716
-26.19824139267228
71.93331488166265
-36.679502622083554
29.61054228628727
-5.829453602538948
2.891048553164609
-7.396219569872869
-45.52364764409572
-40.413326352415766
-0.865963007536152
-26.15225684581496
-40.65188566943166
-1.6904897297708317
6.8523525670389915
17.832913741588058
-8.496971391652295
-21.884161747582425
37.73476320862075
-19.121384617676085
-8.320187748208326
-29.286333478601755
7.73050841124801
75.72575459810392
36.784774185573454
34.47359805732583
11.379063956628613
-24.643487149986754
66.73523216227082
-40.83468902093956
15.433708074800649
43.485240037769614
10.104753981949017
25.297919287294306
12.164672299424893
28.176388929154115
9.525391657196792
-26.526355843895523
-28.175266573890887
21.545971909237622
-3.5863757923436452
-25.896002737708827
-12.666596065987804
-2.832485182350439
-70.82125147017176
-4.341149788989938
13.26935070854637
-25.890887133500414
-61.293891182000515
-8.238295651430448
-25.674995079375492
-20.329221289347302
56.12727618190803
-57.14948674515564
-4.987099104853556
72.80107357741164
43.48711271443068
-76.7685599113461
-36.812488610855844
-25.64531555912177
6.247501131847855
33.11318022845255
3.283332977133199
-0.7814276898361356
-42.36886564797679
50.30773941898585
9.088925383789444
-25.468930757050785
-38.5144199572566
-70.87653327340263
17.79941685530541
22.654761021962784
37.34085742924049
-13.877324934356082
-11.016839335553996
-60.536746285519555
-44.461909866568035
-40.212992876763295
64.4313079705735
-11.41588855940222
21.899797721587404
-17.095656574294125
57.09756746069297
-31.437474356953757
-62.775042749439734
-12.405772601799782
21.461483497181476
-6.795024522882628
42.88691976102683
-46.294573978967435
0.29108231968285736
-16.784194177883634
-15.281398623687963
-33.09556411066138
-43.092039039081385
35.03989787756326
-5.747813332014573
-18.796094864437734
14.836349935952427
-42.42282752134252
39.54271951273827
-25.46171317951095
-31.23564369659099
53.8118459515224
-14.997294611099164
-5.105167632410499
-26.66113387587402
19.01211226709485
4.486081279475812
-59.60511381158639
50.255251924379564
-44.26098884330442
-22.297273020721292
-7.813948755741237
2.048563800828859
1.913160148384435
62.82176936408777
-51.62366190855747
-18.531658464950752
-7.692448902685342
-50.56902606921761
-61.313237787845345
-16.22597798592834
59.25342045864318
18.050443914970785
-22.88661122728074
-26.926116155158795
-20.489107345836686
-25.573952967794924
-12.926025369522307
-66.74787488876915
13.765206693399534
-7.135425822355458
-57.50893802650482
-15.037367919215583
3.3755725016491454
-2.6266587721582084
15.00105798097782
-9.690880689496936
42.141836643719046
35.46243716130557
73.70666258666097
-29.830920401642075
-61.84108585979364
23.091542603844985
-40.11953446816259
-37.56608537082704
51.01957861363067
16.33831196912132
-44.095007548998765
58.528813179913556
-20.042869555631356
54.02912376477761
-49.59699343020112
63.903382719742524
-20.477773204490404
-17.69616185560791
23.485416694201646
66.47889619689775
-0.0780731537665531
-81.7044744209792
-21.316308098805294
-12.32026628470635
-19.262331113272865
-30.84768279296111
10.797779846035539
-1.3982926636537343
-6.912168248150678
42.712345279132876
4.3796106883253145
-22.667330248642543
-53.10206714975302
-16.364972405896225
-2.3613494740197893
-31.15919589767958
-57.77412490116446
-0.4566431568564866
-12.586752945092627
-52.006253395696874
70.33988691156117
-45.67756832836572
-7.713125231902353
53.99861656554904
-24.53802800201167
24.039969519006377
-58.17545872573284
-54.303580018470036
4.65006493431062
30.0497764142348
15.908241425592252
38.260748609842864
-1.9336646032893299
-4.580116054068739
-17.514186204200513
28.594786378582697
46.25590845305962
-29.912012816637414
-37.78238950020791
6.854155804999095
62.452916979649956
9.034286461424927
51.015132909268374
40.62635869022378
-36.84209589707574
16.55688030834193
11.602177213959521
-51.34955425551662
40.37086804106076
6.022997428403869
-84.25354442925429
-2.8524418167702237
-79.52915994922763
21.033751034532912
-39.72748139031247
24.099712299947043
83.67146376822441
41.49394698721315
-40.00908195030914
-42.671944829535114
-36.01754581045457
-6.144261198733119
-34.51404620632876
-33.1190283864968
-2.435285774270099
-23.4781084731365
57.81844454869437
69.0743624819429
-18.03611336427535
-10.2196988277623
-52.398742123818785
-5.285921250840843
-52.56219107426722
-23.73195046067768
-23.51823142742596
-43.75552098684584
-62.18487976078913
30.517665589612008
-31.48951563190972
-32.02929530179084
-39.152635041666926
10.367403885895357
-10.890270780840112
42.33039388564876
-9.204066420625665
-51.605047436844025
30.663853190694127
44.63200340944664
-31.025068409365524
-42.51051606859035
42.99426292286398
-39.13058557149605
33.23309319986568
35.334518229569554
33.51258758623477
-0.5438605094065139
-53.50534826836217
-79.31706439128648
-77.96371429618624
0.2872998707830732
-75.08926779301935
51.65854699176748
-67.29048305486057
22.5451334100039
0.39939542379069337
-52.97402949948201
46.427425649665594
3.304379117733731
-34.31068630651135
3.826455536713837
38.59237041279164
-7.643554402566224
-35.996114856755675
-35.6955434719344
2.2840668791711067
-64.91796396969231
-30.28316340577603
60.19852962042182
-28.588324287547593
-35.40595084716826
-61.0938356294162
14.848245959649276
11.009931067217153
3.4478697232954403
65.36030717457749
15.652751930690698
-10.696304750451546
9.571444564581086
46.35660322041616
45.050348437448406
-75.7840597294998
44.181883762862185
-52.74499315045369
-24.287439242782582
11.012766455970237
-74.31670486295398
-57.906623331499304
-20.804294353292548
-63.64159709515798
-47.742647826715015
-60.80709106937455
-30.918956725799568
28.264343161366256
10.62106673548972
-22.366690907987262
-20.303488887576435
-7.493676889211898
55.211728303646225
-10.810269994398567
2.3656838039794366
-7.858518170452257
-68.84118917926705
-18.126763651093043
-41.881983258013065
66.19499668698396
-18.724236799534907
-14.693689005116696
58.4210247876218
-25.978745210084696
-22.600948911319108
-29.324471167902644
33.61637419823151
-19.502158777262565
12.089304284781392
11.295330620032885
2.63403344716356
30.250408064142874
14.825970071935629
-21.061371072463828
70.80402655222056
29.31744065922699
-20.44436126029568
-37.82938252821228
50.406891445713995
50.22174150934657
-53.67534678692661
-3.656097843110757
-14.192202623034447
9.969784712420704
-10.484128982821176
-22.35732095896435
45.39063695613757
-43.50140823120382
-43.12245426742338
61.58344269971218
-42.47725032037914
-9.303056653876027
-8.291349326261297
-42.612551938277534
10.070916365597398
-46.34558367445341
-13.890172142951059
-36.41368444538647
48.089139848632044
-20.68299527863948
78.62493049328592
-20.35001018835331
3.140106531290172
10.317629230952164
-44.013060074227056
-19.416748079319177
55.819759239720526
52.28327145159207
-40.4310151589291
-45.4018248476943
-38.750107580153916
49.88764068186026
-69.57615112238977
-6.1377348875202244
12.251854870792016
-2.7912853880552717
19.453785200593046
-7.180039894847667
-54.31945208051432
63.133251326586844
21.72999238531638
-56.999376376129796
-25.07099524667926
-61.65013366775223
29.52004695041478
-23.835234140700734
5.610812822652761
3.0136633466371308
-51.9848224272717
22.657214758955533
-48.526274556341775
7.189742288578003
31.909157711372202
-17.35204881125992
-0.4368992250420689
15.372775640150849
42.64061079110135
42.939153887860385
-10.152132301417467
11.762647053791966
23.290658803113715
83.52308279647397
-29.9175174098635
-43.86752814817545
-72.9678883713714
-59.832956960679056
-56.73973494227287
-4.181102529905374
-82.24444858533704
-14.14031150263584
35.16885886816313
-39.6284195140525
-47.002713473055486
32.064675606055644
62.125628475457376
-12.976183844486997
-24.485949337016905
14.973316663812454
3.2692879121985214
-10.748908213571582
25.85668480758602
27.033786900694082
-3.2494915563108435
23.877711738453087
-40.26562860067483
0.7616635782709267
33.94048628406779
-2.6371346126939272
68.62243291353366
-69.741336333485
-57.34652383688766
-20.16397319740807
-24.3886249955537
17.873171023722747
-27.82400515910694
-42.74399430751826
-23.159721341934073
24.46225025363553
7.365467887708633
-3.1274623070642775
51.14201255856548
-13.775270494855349
-33.135936310419154
-17.78370523799569
48.48143633845308
23.08372991223301
-16.425486517690018
28.092695736158547
20.147912806604367
10.05816660768069
87.19947933481663
31.530656102915955
63.29973386560795
17.904447266965192
55.07615241625794
-28.397604511788025
-31.872223163464383
64.46469406727678
9.168005974808025
-1.0977767166237697
26.04937295734925
-0.8230232443990388
23.39734484329624
59.12351588691135
52.84526094457587
8.805127644376142
-26.499077301017806
21.79489564077501
-9.407487994459046
-6.9219131824671365
-13.816287254368973
47.01433280836994
76.88161972196795
11.494407332687771
-26.212226437887445
-12.248731652476053
2.570618561358856
-14.42820456191005
34.073125826294955
-37.77704839820564
-44.51684991232501
-17.85518212388969
49.207394725584834
50.305903265373274
69.6357662597535
24.05698939422284
2.8447389288408687
17.051725662802554
-29.38973122225194
-16.721692109678457
13.826871541692157
6.183060330440426
4.013465238180288
-37.289678075757074
22.590622242936377
-24.938002754891954
-26.894096537002696
-11.909975945760976
12.73952590024679
44.97453210890214
-31.102756623341158
-71.31288728074169
-23.79070113886958
-38.874267094179785
63.73411733603888
26.257663226608585
-12.906478787086826
-15.834542346581145
51.66152387634551
-14.95723100386276
-36.236431851062264
29.725864079909996
5.31194766946102
-65.05200571199771
-69.07597139559428
-24.759836161025262
40.05379512017706
-25.31056600047235
-25.257940985348426
-60.13935936771489
-13.227255457269834
-58.52040962866497
54.24244441216541
-28.598111791877677
-22.258642074265595
26.202101119239003
-27.152773939943664
-10.880195639515279
-33.15339230827306
15.387136104966118
-26.695407117598478
44.81841745650095
3.2895072178334885
1.7131816981791275
43.70088810346775
-56.54799685151192
55.33635877609231