2.742926733818422
37.097338738379705
-11.347970656921689
37.777618007962715
-34.71780252436783
-21.760907780383093
-41.59567425442459
68.89923762801166
-9.456700635305737
-19.828110993604966
50.00020747136651
5.1805008778607515
9.694361507636046
-84.23462182132755
45.65462525773745
55.08143079825214
32.80439779938777
35.59257920863871
-39.825758486466334
-5.732482595061825
-29.88513671421633
-11.0137663416578
13.26973323783659
50.99289188696358
-13.632821205052977
68.93639080541863
39.809177894104096
-15.355912016126481
-31.463979127953777
24.76800358776238
-35.89192690854061
-78.32203244935566
-65.14989721879188
19.019097063485887
-49.87702027065015
-53.674973425518154
-57.75894958122652
3.5989533576950237
-5.569043154592407
19.601909138060762
35.01077208336133
-49.99847867708121
-20.681625294019327
87.23601062679293
-61.431050942057084
-26.769065248942553
-13.888341558789648
-56.53084458168853
13.383036771074742
66.88270600115305
4.176449350272719
77.93680101468877
41.537977405850995
48.398802016067776
55.61727419933257
-54.48388616653095
-14.62847029991039
-18.923412505206556
15.369853272574233
41.38709162337429
36.96571726396441
-26.043206927844935
43.5227050642693
5.565772138178318
5.930473797565199
-6.41505088897739
-55.59253548686116
-6.111967000329059
22.9727726210929
53.92863234246764
-0.6022260943674524
-18.059369403236886
-18.986438304181476
43.72917105827554
-45.202862656167824
6.843356661197461
56.433913280738494
3.373111900382014
5.417714061112292
-32.63362956773277
76.57884496781679
69.26157465643027
7.271277625988233
-8.886035306457117
66.38075464996328
13.41599354568092
-20.261486248575522
66.27751391950866
39.51247766951491
-46.803070956076844
-5.405443227520266
21.330526442870323
-42.94825423739335
28.591934091559764
36.63503540472993
69.81662011372649
-29.242840747555505
80.9960008115101
22.671569674327017
-84.57057175745759
6.988882417890977
-61.702802546537185
12.864496422261936
27.424787679585023
-39.96944648836216
13.255277262987434
-1.1344097885542936
-73.43537323779059
-62.152081817972004
37.46372805645652
7.93996368544866
-26.73492768969782
8.988536751631628
14.210018430914175
60.280749923249346
17.235868924238986
82.86509593503013
-45.453897697504466
-71.94063316342016
6.74086753634559
2.486013602790692
-25.420300629574456
29.144717461491226
-28.5081111585966
-21.13081205140027
61.91997341855884
-7.20803164934911
0.8954507618842342
-23.980193618827613
-62.079744393892526
-9.352094289817444
24.75853670353048
-7.881858417694417
-28.647298315562523
-13.599643302681812
-51.21272180366142
24.316885195828192
45.399876499714196
-14.498667376416776
-9.23678182875517
-27.1901335104829
-74.92164475711583
8.375419797110396
-53.54662053139973
6.602874824012133
26.236806603731026
-15.294429335163684
50.34177067041418
-87.84944133571851
-33.29117168715676
30.477206224301753
3.1855277545965777
14.308345109550672
-48.91605900009783
-54.002522258648426
-24.09715625629849
14.725468322241909
-25.69580313216929
-69.89198737833593
-12.434796809302142
66.02994146500862
0.4523526276164205
15.658035012380907
-23.772813186375828
27.663505116600916
70.58017902091407
-46.95546406907059
8.914229984957188
-35.69387678797868
52.766000973105264
78.9414437468738
-21.309630169683118
-13.639881927768101
39.74673990314824
51.14829283698825
9.611583971675998
71.62693445936634
42.070381346323984
18.83395527979002
30.047298076078178
15.246108729889329
34.37958197061144
-0.9276534165949784
29.20841520291667
14.016129170646934
37.785023737863426
-22.888395882541886
14.034858577897495
-38.36400490611591
-78.3575064989574
-29.178031957409175
-6.329358206409395
37.54769493761492
49.34940927716485
-9.725667425605266
64.65537493914209
26.947463850658224
-28.212655183281264
7.812618480366211
52.82270549214613
8.218889014698107
-63.32852835754727
-28.86058803610765
-19.652515482010315
-17.630756262142086
-10.710169180340728
-53.92397088581932
48.055140930700674
7.841248292885481
-58.1828049108236
51.11832648721921
37.6816445166846
-25.275623288751603
-1.4344879962967099
10.99390454067327
-13.863752037799287
-39.77218512910164
11.469990635326994
-43.87021224389756
-45.84589567135542
-44.678672854047605
15.008123366757175
10.397451775312206
40.794915180789445
-32.530781767573295
66.06696502650476
-45.761388287720344
-60.49601212361425
52.011606256029125
-8.906565043477357
-11.252253308977615
20.183972604745918
-14.895063532269901
-66.341853883686
-65.94742978610765
17.255180879529448
-10.918282863722808
30.154508960693207
9.546122632095589
61.3246791508553
0.15128932239269943
19.636507699098843
-20.636210040780355
0.27356802677404346
-6.305540270706814
59.856935601094534
-72.95287617044383
-65.55249086250008
-6.344471306787284
-38.39040257386834
45.14432563650405
-6.943236169035046
-4.794026112955024
-49.36361144026317
-32.87470539356204
25.4623866026909
-29.433034133618833
-40.63481080800216
-4.101763656774509
44.30291679776792
-10.837123407271534
19.20075099009013
-30.60406238213303
-23.798031373279088
10.19462831995402
-63.40173086216153
-30.440375675299258
-21.302064489636876
20.1017825379393
10.18654404975733
71.02364710921887
-40.324868683302526
33.58425811241143
-35.667735642158505
51.90355248493097
2.605446325861365
-21.590984247991713
-15.879238211784
17.208404874951555
-21.057199112172526
-9.57544368982225
-14.88148589270584
-21.10607393370293
-6.51961486704279
-3.297645567388571
-8.183571697649242
50.93021189958782
-43.136489379780414
36.22176683774258
-40.23405359869591
-13.303392292927171
5.038676425905621
22.697234407806775
-14.02466351476609
2.1847127344177437
24.070900313831814
-69.11778925335615
59.15006941947459
-11.957756579064252
-21.007067707049004
9.081160999854205
-27.68269145344138
-28.792945867703743
27.172827827893016
48.91087889129767
0.8455081962644755
-64.79967907951452
37.09682464269804
-12.503728712903154
-74.19743132645436
-21.8355073080794
15.645842635230935
-2.482746643818544
-43.4374314974199
-7.3272062952228225
-33.46534675653961
-1.3492527180469693
10.00283301596862
-25.164375632335606
25.334386432863838
34.71396809405961
-31.356109598550447
29.88728780488853
10.618816096518543
49.943215178831764
46.01976238189002
-30.741609951251995
-19.443860941836135
35.293805927121
-40.19937920518329
49.00439926752398
-26.77190606646048
-63.227033734442045
-30.493951857515974
-35.74666466238049
-1.7896339401372217
1.9356603336565854
55.62902070557266
59.559812851435254
-38.79859560330311
20.597727357879194
-39.221991980746544
47.975996525562266
7.467341909411871
33.625841074386216
80.62962895207434
13.480000994215132
32.07423263593991
-63.92328444782428
-60.61448662965588
7.264767452176713
-0.23985188314122752
69.66693700440749
12.01379971763717
8.036423398648822
40.76129218952147
-11.264075972358512
57.33813537111007
-46.743624415916976
37.449472314460664
-56.450350214528086
6.261121568603272
-0.9191857207234762
-17.46815042120933
-0.4838296453194175
79.2812378188687
16.780705537737717
-57.03990869280966
-23.415482892523784
-9.952508163141218
4.091804618344028
-32.45878087683351
-9.951787513543692
-5.024060549600534
-46.739838666923276
-4.973036938785668
-22.922037029210273
3.930623618766319
-16.212640428550742
-38.782012127226636
-23.845288388666305
68.80023634454457
81.46282831279433
-3.492356212044598
-10.294188139169904
-9.402215409148653
-83.71843554248439
-31.770129367664715
28.441360179886473
10.242204930516593
29.98814380545896
-70.36026642944309
5.383645687798889
-22.051225480081612
-43.029874259497646
50.91483654863251
30.773081053697084
-63.038887101438604
77.16144602207387
53.4286978598345
2.7579572056756945
38.35448590000934
-9.797240592465982
-82.00416856585245
-43.85376797576293
59.433061254631895
-45.48225883853103
10.092041193968242
58.53701568624413
8.857156778293657
-18.60714117416262
37.80592642600544
-24.45366085777769
7.399115491458986
-64.3893447320976
-9.268051110089402
49.20035722806233
6.374517450819312
1.2588884500848962
40.60923990960461
14.88225833180718
-57.51701349754448
-10.599320431907117
25.576054731881953
39.42498759756069
-29.81058601256523
-47.861756949363816
-28.26417404245123
-4.600528326813418
-33.04824366701628
23.691242376927775
4.6103244596953346
25.677716099026583
-46.73596822161086
16.657943287544327
66.20940020696509
-33.03776707726018
27.77329622133712
17.885498665567738
49.26782094995744
9.990865669214728
-41.84799598833558
-83.81094463740207
48.927290539082435
-15.11012807953405
-12.659095421776485
-4.4891168238268335
8.471355298952233
-52.370749284671405
28.831395214519674
-27.787003241904408
-13.791715588548414
31.777767798601644
-27.810081264896077
16.267228107320705
-2.5325104379558354
28.334924202392102
-21.296853804178383
-34.667635922421184
52.60319787770777
-29.079175278461477
54.13987637516507
-12.933485881542595
-47.29832487426502
-41.94610258209542
0.14448795776962697
59.637706494829075
-54.45361344806745
75.54424552785389
6.134695339474774
-45.889832191111545
-39.223025923910335
0.6702816109776251
26.65496763023033
56.78836125424104
-38.76571210673712
23.970411629556253
10.656190313461124
-21.209886593895604
-20.78431368374521
39.75327104985021
-41.57347040932096
21.638367134972853
23.73205475721167
2.4499972019440435
-80.06905870679748
40.36434223096893
61.671171585575735
-73.17377460754568
6.54173800480288
33.68512930376579
4.206995464387845
-16.062585052535297
-0.9222735949679333
32.05447233937225
-34.184148340763414
-58.032190289176256
-67.0427172502435
28.900965255095173
36.10500965357676
-29.32485847556803
-8.615772969755682
23.839582130782475
-14.98285573150632
-45.92603272693752
-21.493682877105897
51.720105117807805
45.53220564280045
15.869072880988014
0.35823379030919966
-21.197619620453366
-58.484363286067676
35.48687766208492
65.47225279595474
70.8158336550878
41.292186515233766
52.69022740523826
-6.993172120699626
-4.510371057308262
19.60234455450022
50.36882284403649
-23.632735003197595
-40.36542325729388
-3.1371864319405773
31.89436451116056
-62.567387081206206
46.55835274183272
28.8835755278715
33.17850597349636
-3.6469879009983828
60.1645752426669
37.56597304058762
46.85547271512465
-25.773527046715117
-7.1634149107781155
7.528514770355969
39.88056128645752
34.531587359202035
25.779676361128864
51.33171250193013
-5.159288414263898
36.75765536304836
-58.51971031501827
65.07287059042457
-1.8972945126702285
68.74068161477155
-33.89682914446788
47.29522374573452
22.88705265881505
-27.573201588288704
9.917912776513589
2.896156997672108
-16.92366807934728
-64.20981205045467
-56.80869306246098
-15.632757057358504
-39.592422336678275
0.026706038888960393
-3.579346236135507
-65.36134191201944
2.5813733249867
-28.871074221339732
-25.008919397457035
-20.481424076010228
-7.506037066634832
-56.44809692205679
2.5347299194192487
-8.91292916853557
43.550413115734614
40.64145112587519
-6.285232046579196
-61.58290768908647
-43.83379112187538
52.303799940831226
7.461328881695266
23.722696617091913
-8.429362563391734
83.7157244947065
49.39039178910579
27.174476551201153
73.06973391437376
-47.85803965133251
42.27885559770448
50.80750560352064
-43.04018209533569
20.52653390235031
47.33917230376534
51.164211852675464
-54.746861379676496
-16.80792421101907
-14.109948379332693
-68.00132219812379
48.079157279392064
-45.126999566798546
32.53388888627839
2.743398535347339
13.144093211528087
-18.700971856496707
17.200314110413032
-43.83943467512697
10.077782635337286
-40.24719801294378
3.31270638997583
-13.142014887763295
-49.19297762656935
12.15819312171
54.90023645637288
-47.373016243438755
10.17320636552867
-50.13615202925234
-38.81689222956092
50.17046080673279
-22.423782719496998
-1.8227156994587546
-13.104477816456424
-34.53531864616568
10.08375141809384
66.51372655954367
-67.44620316026172
35.79176278349421
35.59801921154305
25.548528622260122
38.18585229396848
68.20528282832095
-47.69690982562031
-16.785659723298963
32.06514659877469
67.05215173298888
43.846323270477
-8.695354267302037
63.5952600903118
16.641102376599605
-0.4073070423314533
-7.015907911101749
37.864496824395886
14.149096111175297
-18.24959975839471
-20.128299017345796
59.543219673373756
54.03335812475797
-69.41014081574178
63.65827514566533
26.744602900594302
-30.946305866225067
-0.6056427832637183
-41.089049250904985
-33.58434092087574
-17.99056008113267
55.14647824277378
46.650168554434174
-2.8371466950416675
-4.684002440112209
-45.652599632898415
-13.32586909120549
81.20726427493165
44.47539902846714
61.00284156841121
5.284074256371156
-2.278119761703593
2.2940909296032004
-66.38139418961562
-40.919771781572614
57.76583688752089
-40.87723873625632
-30.031538466293163
14.604196359580314
-45.30785636983013
-23.19090617033251
-2.741704114977935
28.899632900266724
34.22737588831596
-63.035922079061194
54.37478513846588
-7.282176821578275
-0.58546282141792
23.982761833386945
68.21740830811555
14.35846526745982
-4.104533541710936
13.260229467398787
-72.96788274002988
0.5778656950668761
59.42751344816318
-50.042381075672694
19.06227032796211
-6.797833471548458
-0.48801673766610065
-34.51415353539675
19.334471475688574
73.28226529368916
-36.62452509819158
13.708327718645933
-33.243260032446145
-7.213863616933821
-7.275579464565482
48.50410080864796
-27.45395971390797
10.74573507565428
27.383364666375968
68.57095656216296
-22.993703667288514
-37.4881096103216
28.368751522657746
24.579171853732277
-23.35880700474982
-9.460914565825163
46.110037906826335
-24.21971255569005
-85.93919713697593
-62.00842369763507
-40.80557556445725
-57.54975381169415
25.817538979312204
18.829204141120798
-45.980981799370554
-7.991906317595962
8.347677294658808
-9.212182922873808
-13.395925021104475
14.441997200019188
-38.50596358934354
7.680110350336122
-28.613917553320825
-26.505507575984154
28.219933095401927
29.55043636284907
25.92749080627317
-31.473324926719926
36.25261423088439
-57.96318077876388
-19.778625376224795
31.562444716130145
4.1564375956582325
-33.133412520140766
32.1857333449003
-21.11290123144599
-10.788722397280608
-42.25075866996831
57.56784083976186
-24.551606973725157
6.464722309202614
63.894658742729945
37.52675023884335
73.52080944458828
24.503891652326928
-23.441755235187046
-77.78564896689201
-68.93177379646266
83.29468608509751
-58.48627844137363
58.37021619653473
52.31521359676083
-86.08989502775437
-69.63149593903637
-27.62853296314882
23.797235794967435
48.77896729275329
71.76374416240449
-48.33440322029832
34.28242592549401
15.636069128036127
-5.821513797741915
74.06732413811548
41.825116589722654
-30.088208559470978
27.686267133853747
36.07143814635664
62.93669021884881
2.489603051473736
-41.89990944986147
-12.159665144098426
-26.236604191604897
43.92730953903515
20.22537358021944
62.45806819273665
9.529956180538093
56.58876459050768
19.5260668919298
45.09342962260351
-26.991678524269922
22.824337420606383
16.855829410483082
15.58628395619121
-50.17502794999859
-15.063006073406655
-63.84599239413433
28.654231966733732
-1.308407956670223
28.982058503936415
-38.93909939132664
9.824447342953519
24.720920189675624
49.572561540039544
35.02380043727884
18.1138898152777
-42.41192405270008
-24.53417607107697
-70.05998118688773
-14.862875467375218
32.74573686383219
-28.739172233115987
41.127640565794934
-23.054632402020545
2.7171574443809163
15.709657597429526
76.42687778993556
-75.54221973931696
-12.480803675967465
-19.418090524554245
-44.45600023392642
-26.102734007873998
32.25646596067844
19.635547090746527
-38.45902146596135
60.73975425281651
53.12585485636373
35.600880873263975
27.4851086958153
-25.957245734102287
-40.88420451544853
-44.41245039665406
-23.38968665627452
-7.0792961146059525
-0.08721042285355907
-24.32195408432237
5.554719724573701
1.9360328508522713
4.927948092926783
-3.99769729591911
18.823939763867557
44.41588240464844
53.73320597955342
10.889184433569284
-11.242780026174316
-49.96960109261912
20.429229683366785
-57.04844339047265
-31.266457240773526
-21.571060447083482
-34.829544564812714
-54.58740203214164
-45.04989353651916
8.717062735786925
-31.381430828182978
73.04243788960909
4.217288095827115
17.124379852941615
25.70963278496319
-57.40539013765003
-61.606456221956975
15.593972182735783
-7.0253676167534
-8.321575586351457
-83.52024966129916
42.25130549352727
45.49765579069643
13.694250273237898
-17.55343181047219
-6.967885421379975
-12.404820028776129
-15.133919241164449
-19.501348604054954
59.9033589713502
16.05867546721238
54.1583461575249
-19.19462683073604
-34.10715882017627
-15.535911532926335
-15.842113869301926
13.382399915447664
27.03414319447168
27.111008036711937
-38.97285976106386
-43.866897867716894
2.505959613677092
73.75548475166272
-23.44573405496898
5.1507057077824925
21.504218246153755
22.847436895431926
34.74046919133953
-6.077029178365748
-44.2184019809168
-26.948483637380498
34.662667439671125
20.55744659701557
-26.942978010306952
-22.36645114084733
72.16608747767322
11.563159606394024
-30.539257950342332
-52.13331382763594
-65.79925404387981
8.0641785548071
-32.170918470241155
-23.17102348264993
-51.481342101617074
-82.92643675644301
50.818386256326505
-14.45997204896507
-26.809847173212745
-9.358439899762644
10.632951085195586
76.94806554217558
-64.43631198064467
-31.04689227842048
50.057028895330745
-21.068334327866623
13.562985764912625
-25.824186333950237
13.007955762790374
-54.61175106218421
8.030978842675808
-11.50160190117954
-6.45698435554047
-39.05569192653072
12.188320939774897
65.69649490119804
-17.483994966457104
25.07137464304462
-36.95682786029749
-32.223285335108045
41.68376728736246
-34.29376837392507
7.150695350377276
-65.25235741230816
-25.41748132785635
-4.272726827207791
-21.379044370460008
-10.35945899695703
43.69471540278974
-25.380015729017458
4.348730388229171
-50.01920328969649
-38.33786787094955
50.21481214834108
-50.98031403186076
42.1640152081022
-20.59861876686992
16.28416334167322
-26.62281966521622
50.591458975826214
-36.74929031309994
-27.754617293414178
68.77528312659788
55.22063516733451
-40.967792225212115
-17.143174465007334
-32.37402427265237
4.330937255868847
51.014172091344136
-11.448502190995939
-33.60347408688316
22.876360642702693
3.589814144235689
59.513208497443486
-44.768161410123724
-53.41356500957169
28.839776475787048
-1.5569232310123908
50.731598020609994
18.54276515149492
3.7324206327975418
-36.63343155145581
-86.30426600054119
-28.674937031904555
48.10946959539396
-55.784359186754415
-42.249151804197034
83.35934412535403
82.73581314150968
-7.103274144125891
15.386465817197788
-49.403816560602074
-27.192932889269798
13.710752005588105
-2.223224770300874
6.515307788864703
-51.45329801118585
22.932010671290968
9.188331916604554
63.922346831861375
31.989442732274014
-0.5659916701869747
-55.7801956936946
-60.99879485086174
-19.1972620427119
76.93095307923357
26.888351636423394
31.835980187569888
7.337196173751465
9.92312819147567
-31.3849888262518
27.24061050815982
52.13659640686333
14.614458792893757
29.064298775359504
32.09309406014944
9.382343381965057
-78.62033021622483