1.242854380799557548e+06
1.334562977967168204e+06
1.424707361812199932e+06
1.513416030729945516e+06
1.600618540522670140e+06
1.686366607179542538e+06
1.770676226875604596e+06
1.853538117762403563e+06
1.934950279839671450e+06
2.014943871568548027e+06
2.093500800933906576e+06
2.170633870910256170e+06
2.246035446552590001e+06
2.320634096601711586e+06
2.393246018423448782e+06
2.464566669589425903e+06
2.535646578229120001e+06
2.604247014514794573e+06
2.671403292314062361e+06
2.737120285569758154e+06
2.801318214659148827e+06
2.864083861705647781e+06
2.925602746974718757e+06
2.985353511100972537e+06
3.043919374767692760e+06
3.506418011653927155e+06
3.438011993337309454e+06
3.363191110349570401e+06
3.282284816003554966e+06
3.194479195091054775e+06
3.099766262578834780e+06
2.996809473497360945e+06
2.887295630028031766e+06
2.770552388921442907e+06
2.645855719552418683e+06
2.513218755621112883e+06
2.372467663827158511e+06
2.223536565351482481e+06
2.066308955585204763e+06
1.900782667223589029e+06
1.726954246119873365e+06
1.544909842518655583e+06
1.354756089500511764e+06
1.156781058233760996e+06
9.511732873383678962e+05
7.383364839122601552e+05
5.164542555866399780e+05
2.904562104461541749e+05
5.876870549911102717e+04
-1.779324265732841741e+05
-4.188641328259416041e+05
-6.633151078064746689e+05
-9.101948735876899445e+05
-1.158950780134049011e+06
-1.408293033549296902e+06
-1.657331901369009865e+06
-1.905090198235714575e+06
-2.150571620021469425e+06
-2.392786915446254890e+06
-2.630765678836967330e+06
-2.863607708921726793e+06
-3.092628095331399236e+06
-3.312490216626369394e+06
-3.524652886322655715e+06
-3.728461821642513853e+06
-3.923174729077438358e+06
-4.755779376050810330e+06
-4.658432824990387075e+06
-4.557735834890085272e+06
-4.452759413707236759e+06
-4.345975852071266621e+06
-4.234846837116215378e+06
-4.122661031565202866e+06
-4.007232857877846807e+06
-3.889655577447128948e+06
-3.769658001802965533e+06
-3.647624945093370508e+06
-3.524819069151154719e+06
-3.400146625107814092e+06
-3.275415468293209560e+06
-3.149136613132681232e+06
-3.022173377342376858e+06
-2.894560913461327087e+06
-2.766267063689561561e+06
-2.638044449716330506e+06
-2.509617991715438664e+06
-2.380721498388295528e+06
-2.252627091248538345e+06
-2.124419184156264178e+06
-1.996547277676171390e+06
-1.869137408504511230e+06
-1.741010867953325156e+06
-1.614801083664921345e+06
-1.489140774540395476e+06
-1.364667349496854236e+06
-1.240908953875527717e+06
-1.118111935592645546e+06
-9.963473634604396066e+05
-8.756604444570455234e+05
-7.561379663410471985e+05
-6.377989538222301053e+05
-5.206113254388525384e+05
-4.048615974687135895e+05
-2.903429716758571449e+05
-1.771676284092736023e+05
-6.536007478895310487e+04
4.615099491007257166e+04
1.551368315140574414e+05
2.626941198521738988e+05
3.688055104712301400e+05
4.734626649910011329e+05
5.766521345463977195e+05
6.782874665420219535e+05
7.786144231562094064e+05
8.773871109251055168e+05
9.746659572846523952e+05
1.070483777427477995e+06
1.164807469599484000e+06
1.257434408791051246e+06
1.349046210211231839e+06
1.438947504212862346e+06
1.527409110106567154e+06
1.615263687782853376e+06
1.700784340383348055e+06
1.784846996936972253e+06
1.867477551422941266e+06
1.948676339718274772e+06
2.028431965775026940e+06
2.106744463060645387e+06
2.183646878543755505e+06
2.259120295619646553e+06
2.332860032553126570e+06
2.405526874288227875e+06
2.476994398408017121e+06
2.546776409746445715e+06
2.615151709333826322e+06
2.681614396280002315e+06
2.748202946373675484e+06
2.811788281744420063e+06
2.874831101737370715e+06
2.935652194455652963e+06
2.995607283507138025e+06
3.053774641398295294e+06
3.496105030751950573e+06
3.426746895951883867e+06
3.351152033227272797e+06
3.268709392253162339e+06
3.180208600411515217e+06
3.084416865181663539e+06
2.981229376420559362e+06
2.871043677396646235e+06
2.753043543589579407e+06
2.625943392185840290e+06
2.492104672635565046e+06
2.350149441110989545e+06
2.199758044597071130e+06
2.041530829860155005e+06
1.874609635629416443e+06
1.699729427878098330e+06
1.516489673924018396e+06
1.325149952684974764e+06
1.126059480108288582e+06
9.193554649224692257e+05
7.055153724361166824e+05
4.849182882045870065e+05
2.581195710282236978e+05
2.572078280084158177e+04
-2.139870547693001572e+05
-4.554925382379424991e+05
-7.003205729047477944e+05
-9.475857022578065516e+05
-1.196373283042337280e+06
-1.445574440285382792e+06
-1.694602598266196204e+06
-1.941855162072061561e+06
-2.187100351503293496e+06
-2.428738924551300704e+06
-2.666011361144701019e+06
-2.897995790985113475e+06
-3.123818595858710818e+06
-3.342645338038326241e+06
-3.553716019552386366e+06
-3.758273393129801378e+06
-3.951623965647200588e+06
-4.741674310031360015e+06
-4.643756329445172101e+06
-4.542421930606751703e+06
-4.437596207708996721e+06
-4.329638417925445363e+06
-4.218660576396392658e+06
-4.105077686231157277e+06
-3.989585511914040428e+06
-3.871192668349745683e+06
-3.751606237969184760e+06
-3.629975168240851257e+06
-3.507162742488097865e+06
-3.382766381704155821e+06
-3.255938142496519256e+06
-3.129418965821539983e+06
-3.002470566280799452e+06
-2.874727319581999443e+06
-2.746541543036473915e+06
-2.618080882220770232e+06
-2.489495706644998863e+06
-2.360895797371111345e+06
-2.232434164159670938e+06
-2.104218272545840126e+06
-1.976351353848120896e+06
-1.848809816441982519e+06
-1.722142654119868064e+06
-1.595976250936307944e+06
-1.470573321646918077e+06
-1.344755337735706242e+06
-1.221097249582916964e+06
-1.098407891742755426e+06
-9.766145452643900644e+05
-8.562211417287086369e+05
-7.368307688782707555e+05
-6.186385109200080624e+05
-5.016933708851183765e+05
-3.860320467779494938e+05
-2.716867914576969924e+05
-1.586902837691768073e+05
-4.707049766058410023e+04
6.315131051383460726e+04
1.719556512114939396e+05
2.793237019483342301e+05
3.852051240181375761e+05
4.907416381322010420e+05
5.937042214216799475e+05
6.952263819164027227e+05
7.951759296593763866e+05
8.938063853001922835e+05
9.908701061523500830e+05
1.086450415554563049e+06
1.180534822644846747e+06
1.273175012371538905e+06
1.364085967188535724e+06
1.454021969740604283e+06
1.542232054801916005e+06
1.628840295346701285e+06
1.714305422418489354e+06
1.798057804312600754e+06
1.881397431543231476e+06
1.962353662816422526e+06
2.041716337189768907e+06
2.119877737593617756e+06
2.196625258610682562e+06
2.271669547533864621e+06
2.345668753730284050e+06
2.417647107340744697e+06
2.489035682522108313e+06
2.558582339436327573e+06
2.626679277245603967e+06
2.693188852653596550e+06
2.758610061075782869e+06
2.822415122141827364e+06
2.884761292749860790e+06
2.946271412481870037e+06
3.005663730434870347e+06
3.063547163020341191e+06
3.485009428406476509e+06
3.415081088135066442e+06
3.338326641532693524e+06
3.255669321916679386e+06
3.165775670377928764e+06
3.068323618558136746e+06
2.964837991458578035e+06
2.853308784641471226e+06
2.734155835507350974e+06
2.607167716854389291e+06
2.472201942243091296e+06
2.329117506057831459e+06
2.176256731266053859e+06
2.016563765868240036e+06
1.848580164337946335e+06
1.672323451242601732e+06
1.487888465647011064e+06
1.295425455194676528e+06
1.095114094933549175e+06
8.874167830035293009e+05
6.725516850236234022e+05
4.510213653933610767e+05
2.233736263289010676e+05
-9.772580360711704998e+03
-2.477234154056666594e+05
-4.896401313625536277e+05
-7.348170645191501826e+05
-9.848946281142559601e+05
-1.233643923688454786e+06
-1.483105805665431544e+06
-1.731829684822130948e+06
-1.978978663543599425e+06
-2.223556536910440773e+06
-2.464578600874654949e+06
-2.701120404791642446e+06
-2.932221691665808670e+06
-3.157067263243564870e+06
-3.374782719933451153e+06
-3.584630076202094089e+06
-3.785918644891678356e+06
-3.977963813008932862e+06
-4.728446456717372872e+06
-4.628969055651651695e+06
-4.527042334268817678e+06
-4.421663448588284664e+06
-4.313219177636319771e+06
-4.201959081091294065e+06
-4.088089269500531256e+06
-3.971891250718093477e+06
-3.853596985180337913e+06
-3.733190358920389321e+06
-3.611529255906446371e+06
-3.487811905033173971e+06
-3.363587895368597936e+06
-3.237908951036293060e+06
-3.111321651704827324e+06
-2.984011440448151901e+06
-2.854833418285575230e+06
-2.726563318673492875e+06
-2.598016789082996082e+06
-2.469353193756553344e+06
-2.340712034663549159e+06
-2.212013743018034846e+06
-2.084003478131882614e+06
-1.956157601180633996e+06
-1.828792661246984266e+06
-1.702014708374482580e+06
-1.575917916372443317e+06
-1.450582250711509725e+06
-1.326088915416196221e+06
-1.202518851733036339e+06
-1.079935647474872414e+06
-9.584027115180954570e+05
-8.367786879305366892e+05
-7.175333181950054131e+05
-5.994979029684469569e+05
-4.826770414557710756e+05
-3.672190153669734136e+05
-2.530508084383105161e+05
-1.402375444984622882e+05
-2.880598203037983694e+04
8.122248444007498620e+04
1.898282977935356612e+05
2.969923154975178768e+05
4.027072102085688384e+05
5.069604921158606303e+05
6.097388771904698806e+05
7.110454103565872647e+05
8.118599608061627951e+05
9.101863011863434222e+05
1.006914830862560892e+06
1.102389926760394592e+06
1.196270051807968179e+06
1.288668074930004543e+06
1.379591253336266149e+06
1.469044967509788694e+06
1.556810408907945501e+06
1.643569162280048477e+06
1.728634303505383898e+06
1.812273637576264329e+06
1.894436311249435879e+06
1.975176071613057517e+06
2.054481193595643621e+06
2.133137930874203797e+06
2.209549721621781588e+06
2.284557224623585586e+06
2.358127967843672726e+06
2.430286158786274493e+06
2.500858024257971440e+06
2.570298635226052720e+06
2.638152873999361414e+06
2.704622353757979348e+06
2.769634210078243632e+06
2.833179223659206182e+06
2.895289944871817250e+06
2.955913948509805836e+06
3.015066365020062774e+06
3.072728394217999652e+06
3.474605577504009474e+06
3.403803699778330978e+06
3.326243851905349176e+06
3.242107901695169974e+06
3.151180705816260073e+06
3.053093725821687374e+06
2.947682056142077781e+06
2.835152169942645822e+06
2.715077123254046775e+06
2.586906220527888276e+06
2.450732572294335347e+06
2.306440614100059960e+06
2.153893515868945513e+06
1.992926517941287020e+06
1.823946610613738885e+06
1.644737911481797695e+06
1.459108476533667417e+06
1.265494667508220999e+06
1.063951551618465688e+06
8.552736389179338003e+05
6.394422865362231387e+05
4.169908059263681644e+05
1.885031594509629649e+05
-4.536547640885353030e+04
-2.839388141177580692e+05
-5.264282389560304582e+05
-7.719970402867157245e+05
-1.019730601782655809e+06
-1.268732285524213221e+06
-1.517770559684372041e+06
-1.769009729647440836e+06
-2.015689041682428215e+06
-2.259920824921214022e+06
-2.499908510110068135e+06
-2.736088623510673642e+06
-2.966321773926961236e+06
-3.189948772500384599e+06
-3.406768591435190290e+06
-3.614966200247476809e+06
-3.815325509868763853e+06
-4.005536838130804710e+06
-4.714159340875072405e+06
-4.615170820904504508e+06
-4.512588979993104003e+06
-4.406739545204128139e+06
-4.296711120571709238e+06
-4.184974992632858921e+06
-4.070707251733455807e+06
-3.954116961141381413e+06
-3.835472674216125160e+06
-3.714404873308027163e+06
-3.592794202857758850e+06
-3.469193945947627071e+06
-3.344358984047582839e+06
-3.218470399736353662e+06
-3.091294737241074909e+06
-2.964235159553467762e+06
-2.836222659838114865e+06
-2.707820790114878677e+06
-2.579211951284679584e+06
-2.450135831034192815e+06
-2.320521251779390033e+06
-2.191623597373364493e+06
-2.063773907200196991e+06
-1.935714767770466395e+06
-1.808620218315085629e+06
-1.681743024628261337e+06
-1.555844533173850970e+06
-1.430536922300807200e+06
-1.306121200386635726e+06
-1.182719852874205215e+06
-1.060249508876324631e+06
-9.388493659641157137e+05
-8.185585329290927621e+05
-6.994421560863206396e+05
-5.815479953087497270e+05
-4.637548854361543199e+05
-3.484304926137633738e+05
-2.344402275323545618e+05
-1.218097186036450876e+05
-1.056684805184060679e+04
9.926731473880041449e+04
2.076724107400211215e+05
3.146367379291076213e+05
4.201402113993809908e+05
5.241824944677624153e+05
6.266804632936547277e+05
7.278384580577429151e+05
8.274412316063735634e+05
9.255655470908673014e+05
1.022193888121293858e+06
1.118291341522819130e+06
1.211948143796308665e+06
1.303994795490698889e+06
1.394813952272530412e+06
1.484034329091440421e+06
1.571768235409541521e+06
1.658092924716291483e+06
1.742760287299882621e+06
1.826330939934552880e+06
1.908276501449451083e+06
1.988796565416604746e+06
2.067856706519588362e+06
2.145472514733894262e+06
2.221695284330941271e+06
2.296480236517021898e+06
2.370561125071532559e+06
2.442468430403523613e+06
2.512963412101741880e+06
2.582026095425698441e+06
2.649650119527069386e+06
2.715843702971959487e+06
2.780606333842532244e+06
2.843902385396504309e+06
2.905377399528039154e+06
2.965641177303604316e+06
3.025029274677258916e+06
3.082427433691940270e+06
3.464595627012838610e+06
3.392835410058621317e+06
3.313792802693128120e+06
3.228405654734825250e+06
3.136423968486521393e+06
3.037400662584371865e+06
2.931086775084510911e+06
2.816747060121206567e+06
2.695808332505555358e+06
2.566459699826220516e+06
2.429084180332476739e+06
2.283242449605128728e+06
2.129805871497672517e+06
1.967747562887596432e+06
1.797394725649786415e+06
1.618609912904216675e+06
1.432068673039269634e+06
1.237372343749942491e+06
1.032732159690618981e+06
8.230462937374763424e+05
6.061897764433395350e+05
3.828365639479678939e+05
1.535360448075990134e+05
-8.105575046284690325e+04
-3.202338646922421176e+05
-5.632077628197649028e+05
-8.091266174810614903e+05
-1.057089378013102571e+06
-1.306159147208996117e+06
-1.555354701150368666e+06
-1.803642973184639588e+06
-2.050142261527770897e+06
-2.293771595100616571e+06
-2.535959402090492658e+06
-2.770774875168320723e+06
-3.000272039692490362e+06
-3.222696006846285425e+06
-3.438553769312324468e+06
-3.645927672329146415e+06
-3.844039191875051241e+06
-4.033758217942776158e+06
-4.700129425841632299e+06
-4.601181408780970611e+06
-4.498074252651015297e+06
-4.391722944527567364e+06
-4.282357716761062853e+06
-4.170209257805673406e+06
-4.055576173993544653e+06
-3.938358119394188747e+06
-3.818481288450866938e+06
-3.697291362229954917e+06
-3.575241394305321854e+06
-3.450831684156069998e+06
-3.326019901169025805e+06
-3.200248789348927327e+06
-3.072929280610418878e+06
-2.945698714414402843e+06
-2.817573098869334441e+06
-2.689074987738786265e+06
-2.560373965938566253e+06
-2.431598849182563368e+06
-2.302881080623797141e+06
-2.174350156371638179e+06
-2.045925073639487382e+06
-1.917011171526408056e+06
-1.789711491252269596e+06
-1.663027819756234763e+06
-1.537044560039866017e+06
-1.411644098341634963e+06
-1.287530659442153061e+06
-1.164053437716849614e+06
-1.041797462905981112e+06
-9.205066661484044744e+05
-8.003453775089347037e+05
-6.813685187585683307e+05
-5.636176349898297340e+05
-4.471316266049074475e+05
-3.319539776935935370e+05
-2.181135092475489073e+05
-1.045238814397622045e+05
6.538250735956013159e+03
1.161949546618113673e+05
2.244134957708703296e+05
3.311855696155278711e+05
4.365010090684451279e+05
5.403281438541823300e+05
6.427124378204250243e+05
7.435928621355810901e+05
8.429988819319438189e+05
9.409059450312784174e+05
1.037195913240696769e+06
1.132272498125529848e+06
1.225711388262171531e+06
1.317707496621758211e+06
1.409106190417696023e+06
1.498115045633764938e+06
1.585653019881715067e+06
1.671746031540990109e+06
1.756360320335356286e+06
1.839544008397955680e+06
1.921261659404258477e+06
2.001546714460870717e+06
2.080152504931072239e+06
2.157551107612594031e+06
2.233811537056752481e+06
2.308317321634104475e+06
2.381493171240353957e+06
2.453202766283999197e+06
2.523479757502472494e+06
2.593010818533868995e+06
2.660405150368972681e+06
2.726370405471289065e+06
2.790879059689043555e+06
2.853969862106430810e+06
2.915570823317681439e+06
2.975702560043271631e+06
3.034011027534733992e+06
3.091072981476931833e+06
3.454993449530500919e+06
3.382518781743814237e+06
3.303174306102070026e+06
3.217193447485988028e+06
3.123900649022227619e+06
3.024485179010790773e+06
2.916184264424005989e+06
2.801392717400511727e+06
2.678891465198748279e+06
2.548509995471091475e+06
2.409629649311726913e+06
2.263526261762716342e+06
2.108690687961401418e+06
1.945580989979123930e+06
1.774171672674229601e+06
1.594539187392796855e+06
1.406785307289131219e+06
1.210936314223001013e+06
1.007754765768115409e+06
7.970554567194129340e+05
5.794339684092683019e+05
3.530982640052221250e+05
1.230979609202747524e+05
-1.120880066431527812e+05
-3.517710417211307213e+05
-5.951430137394467602e+05
-8.413494874419179978e+05
-1.089483884054820519e+06
-1.338592561103180982e+06
-1.587702393002841854e+06
-1.835507621805503033e+06
-2.081967892709042644e+06
-2.325139620357354637e+06
-2.564253045625908766e+06
-2.798740308228849899e+06
-3.027326353909563739e+06
-3.249304321469241288e+06
-3.465954921121433843e+06
-3.672258635606459342e+06
-3.869704640743140131e+06
-4.057673604971799534e+06
-4.686952116760287434e+06
-4.587101831363404170e+06
-4.483491717483611777e+06
-4.376098305278011598e+06
-4.266414923658443615e+06
-4.153579243078295141e+06
-4.039174236235394608e+06
-3.921932992578732315e+06
-3.802648449372375384e+06
-3.681541649379948620e+06
-3.558852981602089014e+06
-3.433540790600795764e+06
-3.308268389455909841e+06
-3.181999210358631797e+06
-3.054905811179170385e+06
-2.927154801465004683e+06
-2.798904566675958224e+06
-2.670323730805220548e+06
-2.541544306909400038e+06
-2.412703531548186205e+06
-2.283960109011165332e+06
-2.155388579937560949e+06
-2.027159301354569849e+06
-1.899355411531400867e+06
-1.772072258729545167e+06
-1.645427695822843350e+06
-1.518233900450832676e+06
-1.393126908395616338e+06
-1.268883269315700280e+06
-1.145614869378861738e+06
-1.023192984546125866e+06
-9.021143564546883572e+05
-7.821559535482985666e+05
-6.633062359313562047e+05
-5.457017943195404951e+05
-4.293681384452261264e+05
-3.143524187878275407e+05
-2.006666571132770041e+05
-8.837631943118773052e+04
2.252663675843409510e+04
1.320100526339916687e+05
2.411319790329481475e+05
3.477135564021822065e+05
4.528336077507891459e+05
5.564797489449072164e+05
6.586473814050430665e+05
7.592846656239841832e+05
8.585246558557843091e+05
9.562296890610473929e+05
1.052446493755248841e+06
1.147166717573522357e+06
1.240361045928372536e+06
1.332181529045263305e+06
1.422300668594062096e+06
1.511273246547172079e+06
1.598615947742473567e+06
1.685342543329710374e+06
1.769766415872297948e+06
1.852622168441222049e+06
1.934219040766618913e+06
2.014279731621371349e+06
2.092926044765139697e+06
2.170110136152072344e+06
2.245879218309775926e+06
2.320206734393775463e+06
2.393122262533627916e+06
2.464600443976154551e+06
2.534651285411748569e+06
2.603275645790303592e+06
2.670439562063279096e+06
2.736197672097862232e+06
2.800914595587284770e+06
2.863808244884379208e+06
2.925337977455073968e+06
2.985240140287834220e+06
3.043652344542384148e+06
3.100550172789009288e+06
3.444911701788033359e+06
3.370972179318678565e+06
3.291025498073717579e+06
3.204086945912633557e+06
3.109751672106451355e+06
3.009373097958433442e+06
2.901010448173984885e+06
2.785024823352038395e+06
2.661844115139361471e+06
2.529088797279824037e+06
2.389533354384935927e+06
2.241423863902525976e+06
2.085853447601359338e+06
1.921592617339891149e+06
1.749059370786357671e+06
1.568300769990624394e+06
1.379454125132466666e+06
1.182657137433640426e+06
9.783371410344669130e+05
7.666753608082818100e+05
5.481506946374226827e+05
3.232652230639787740e+05
9.259703464088249893e+04
-1.431821535431727534e+05
-3.833623847067135503e+05
-6.295709400113797747e+05
-8.760717225863283966e+05
-1.124238794461408630e+06
-1.373509844887818675e+06
-1.622523977649165783e+06
-1.870079167304828763e+06
-2.116170411453054752e+06
-2.358782534212577622e+06
-2.597187225800504442e+06
-2.830915257106091827e+06
-3.058765397192555945e+06
-3.279743093723935075e+06
-3.493224463049530983e+06
-3.698415260565316305e+06
-3.894686639516643714e+06
-4.770539988945164718e+06
-4.673602634244904853e+06
-4.572953075430911034e+06
-4.468808448819837533e+06
-4.361467614251798950e+06
-4.251192312964763492e+06
-4.137770408601199742e+06
-4.022818115571387578e+06
-3.905183479844532441e+06
-3.785561215625831857e+06
-3.664130679363307543e+06
-3.541219091382612940e+06
-3.416917258013382554e+06
-3.291441632853672374e+06
-3.164980485370045062e+06
-3.036475087643774226e+06
-2.908178609574310016e+06
-2.780214842334262095e+06
-2.651542434319417924e+06
-2.522548151454874780e+06
-2.393787315023327712e+06
-2.265013756434689276e+06
-2.136437591133575886e+06
-2.008195833256935701e+06
-1.880186846732572652e+06
-1.753156767915084027e+06
-1.626561974099324318e+06
-1.500688320515186526e+06
-1.375642547030540183e+06
-1.251488285195830977e+06
-1.127070142608603695e+06
-1.004826389524578932e+06
-8.837476134105352685e+05
-7.639673427973615471e+05
-6.451596885591081809e+05
-5.278015337530589895e+05
-4.116270103380764485e+05
-2.967684623238969361e+05
-1.832608792658919701e+05
-7.113376404222057317e+04
3.959049718424657476e+04
1.488922992220564629e+05
2.567504981924386520e+05
3.631553690634675440e+05
4.680936479920060956e+05
5.725857586099172477e+05
6.745519230573889799e+05
7.750290391868916340e+05
8.740187370147350011e+05
9.715160677520247409e+05
1.067524283096944448e+06
1.162034940901593072e+06
1.255075691452574916e+06
1.346617146623435663e+06
1.436680949898361228e+06
1.525287693201348186e+06
1.612194510496483417e+06
1.698079676759158960e+06
1.782214386645539897e+06
1.865037835067404201e+06
1.947130511670090258e+06
2.026977127640285762e+06
2.105401986973477993e+06
2.182375521560931578e+06
2.257900882659336086e+06
2.332015666190587915e+06
2.404703989611080848e+06
2.475961408500102814e+06
2.545773086691598408e+06
2.614161550350849517e+06
2.681116407347404864e+06
2.746641626377942506e+06
2.810353038957467768e+06
2.872785743911578786e+06
2.934488248747158796e+06
2.994203156925512478e+06
3.052908504617487546e+06
3.503255673774101306e+06
3.434702294351983815e+06
3.359949389633368701e+06
3.278726250810411759e+06
3.190829958401306067e+06
3.095554847933746874e+06
2.994112716327806469e+06
2.884830738280335441e+06
2.767984332435135264e+06
2.643369173285149969e+06
2.510847365826126188e+06
2.370261288874234073e+06
2.221495681833811104e+06
2.064465856138734845e+06
1.897447645228032954e+06
1.723773895754777826e+06
1.541900282219608780e+06
1.351961977024997585e+06
1.154162451966226799e+06
9.487762321731767152e+05
7.361533420511593577e+05
5.166795014450698509e+05
2.910573964175850269e+05
5.964545512507333478e+04
-1.767447636863294174e+05
-4.174347683594622067e+05
-6.615916126732239500e+05
-9.082649511370257242e+05
-1.156777345960651059e+06
-1.408421636728938436e+06
-1.657311560019878438e+06
-1.904818551839999156e+06
-2.150314871439441107e+06
-2.392449878992453683e+06
-2.630300978711375035e+06
-2.863189654270770028e+06
-3.090064208582522348e+06
-3.310063676191173960e+06
-3.522420164289720356e+06
-3.726433470903689507e+06
-3.921236448738820385e+06
-4.757765433023061603e+06
-4.660921539974789135e+06
-4.559731206484873779e+06
-4.454018428803354502e+06
-4.346243343371000141e+06
-4.234731979469108395e+06
-4.121710761232991703e+06
-4.006343240594909526e+06
-3.888367640361657832e+06
-3.768408977580372244e+06
-3.646734859854527283e+06
-3.523527385226401035e+06
-3.398991876716782805e+06
-3.272981635627243668e+06
-3.146687771014998201e+06
-3.019285049592580181e+06
-2.891257845117140561e+06
-2.762782125769577920e+06
-2.632263548634559382e+06
-2.503815583874017466e+06
-2.374868677616365254e+06
-2.245840525227156002e+06
-2.117456645358405542e+06
-1.989237865615454735e+06
-1.861459991478380049e+06
-1.734244561194437556e+06
-1.607699507460521534e+06
-1.481901657320153899e+06
-1.356917414772587363e+06
-1.232855410130310105e+06
-1.109765753804584267e+06
-9.877237874947033124e+05
-8.667775599099888932e+05
-7.458035408158150967e+05
-6.272386347799386131e+05
-5.099227844885634258e+05
-3.939008329112984939e+05
-2.792058459530336550e+05
-1.658675064121815085e+05
-5.391268742530042800e+04
5.663014168465350667e+04
1.657461759645846614e+05
2.734185395220841747e+05
3.796303054502488812e+05
4.843530012482223101e+05
5.876331255388074787e+05
6.894174858174729161e+05
7.897012431701358873e+05
8.894817214775591856e+05
9.867656447076362092e+05
1.082571015541251982e+06
1.176866368323522853e+06
1.269691171278728871e+06
1.360777282486141426e+06
1.450877479933009949e+06
1.539265570221721195e+06
1.626176736998010892e+06
1.711615201168022119e+06
1.795597956352440175e+06
1.878134394843039103e+06
1.959225272593119880e+06
2.038860884668988176e+06
2.117062584481576458e+06
2.194586570252339356e+06
2.269900907737210859e+06
2.343791663224596996e+06
2.416240589805253781e+06
2.487264534613403957e+06
2.556871504890921526e+06
2.625035136387963779e+06
2.691569590310066473e+06
2.757045318083661143e+06
2.820887173331200611e+06
2.883250757835353725e+06
2.943670713574942201e+06
3.003608785966467578e+06
3.060946590247941203e+06
3.494874264384601731e+06
3.425550740410276689e+06
3.349244507171347737e+06
3.267160815809528809e+06
3.178376334698105231e+06
3.082656520254026633e+06
2.979187949114252813e+06
2.869286281880222727e+06
2.751662545020189602e+06
2.626040360216937959e+06
2.492481171760361642e+06
2.350836229291894473e+06
2.201014843423959333e+06
2.042663325872200541e+06
1.876554974233808462e+06
1.701910849892924074e+06
1.518972296215299750e+06
1.326266620937035186e+06
1.127503724059471162e+06
9.211854044081559405e+05
7.077007370876763016e+05
4.874736502906036330e+05
2.610383729701557022e+05
2.899156096623749545e+04
-2.079838823551497771e+05
-4.491350373125209007e+05
-6.936444408665777883e+05
-9.406327153494892409e+05
-1.189188656274937326e+06
-1.438091442526111845e+06
-1.686921694401374552e+06
-1.934488675585713936e+06
-2.181940156492944807e+06
-2.423595005367774516e+06
-2.660726607303031720e+06
-2.892669027228706982e+06
-3.118692840981629211e+06
-3.337818147552468348e+06
-3.549031193014622666e+06
-3.752289123308635782e+06
-3.946076834088860080e+06
-4.746107545942493714e+06
-4.648149011101243086e+06
-4.545718108159094118e+06
-4.441341084444778971e+06
-4.333113719214804471e+06
-4.222029736147647724e+06
-4.107067416902549565e+06
-3.990592155918975361e+06
-3.872681907678930089e+06
-3.752432303519221023e+06
-3.630491658400469460e+06
-3.507051977279093117e+06
-3.382277312121374998e+06
-3.256405070789488498e+06
-3.129446672736001667e+06
-3.002066350185795687e+06
-2.873923075432903599e+06
-2.745347783425251488e+06
-2.616488703307215124e+06
-2.487499499091356993e+06
-2.358515686374988407e+06
-2.228346066394175868e+06
-2.099782051775248256e+06
-1.971538118490314344e+06
-1.843789199843890034e+06
-1.716589287416257430e+06
-1.590099754208513536e+06
-1.464352641181847546e+06
-1.339446712522906717e+06
-1.215464587006405694e+06
-1.092471477767258184e+06
-9.705324120331148151e+05
-8.496976925188051537e+05
-7.300335437255983707e+05
-6.115824011297894176e+05
-4.943951826873848913e+05
-3.773060744834668585e+05
-2.628050321698294720e+05
-1.496141792177137686e+05
-3.782967291160098830e+04
7.253809848522646644e+04
1.814957135142217448e+05
2.889921465600547381e+05
3.950256516284341924e+05
4.994984797951872461e+05
6.026625348040243844e+05
7.042534498243521666e+05
8.043562276574759744e+05
9.029556170199052431e+05
9.999641011988163227e+05
1.095682537361518946e+06
1.190735430301791755e+06
1.283171242557932623e+06
1.374501863283902407e+06
1.464152933448168216e+06
1.552325478938789340e+06
1.639032161392542068e+06
1.724280067927094176e+06
1.807840142599554500e+06
1.890380039276818512e+06
1.971258393010850996e+06
2.050691732664493145e+06
2.128658605980962049e+06
2.205255591357034165e+06
2.280131232165673748e+06
2.354078601346362382e+06
2.426271450681339484e+06
2.497870751428505406e+06
2.567252819654632360e+06
2.635192055575582199e+06
2.701698930475250818e+06
2.766774485495199449e+06
2.830385255592557136e+06
2.892537910488490947e+06
2.953230741898438893e+06
3.012426725622843485e+06
3.070131795541358646e+06
3.485745514977171551e+06
3.415604864089699928e+06
3.339218176327008754e+06
3.256321689147859346e+06
3.166719526867574081e+06
3.069132623121501878e+06
2.965110921269565821e+06
2.854046520078139845e+06
2.735209400828751735e+06
2.608565909104318824e+06
2.473872238491721917e+06
2.331275737717799842e+06
2.180082891357745510e+06
2.021244716777620604e+06
1.853812400866207201e+06
1.678132667307845317e+06
1.494046966627241578e+06
1.302412819830009481e+06
1.102750203221701551e+06
8.954862613649580162e+05
6.791197486481002998e+05
4.580932798328866484e+05
2.309300775996966695e+05
-1.760590660289847165e+03
-2.392592626524947409e+05
-4.808866786998014431e+05
-7.256826523054899881e+05
-9.729454108099415898e+05
-1.221598444375849329e+06
-1.470726218260222115e+06
-1.719340404211165616e+06
-1.966469920204153750e+06
-2.211092528142774478e+06
-2.452253290773534216e+06
-2.688993071058836300e+06
-2.922302998280405533e+06
-3.147837877384606749e+06
-3.365944377695836127e+06
-3.576224977604127489e+06
-3.777937956205827184e+06
-3.970592303760046139e+06
-4.734822907602124847e+06
-4.635841820451225154e+06
-4.534130617924148217e+06
-4.428584070349261165e+06
-4.319961046646538191e+06
-4.208478786114029586e+06
-4.094366125834402628e+06
-3.977741755617178511e+06
-3.859338147744067945e+06
-3.737474647743564565e+06
-3.615146942155231722e+06
-3.491749049276391044e+06
-3.366809706738382578e+06
-3.240757248154807370e+06
-3.113784865381885320e+06
-2.986102367938105948e+06
-2.857840146918480285e+06
-2.729166733288739342e+06
-2.600236281470890157e+06
-2.471187451424378902e+06
-2.342141126342558302e+06
-2.213120644670299720e+06
-2.084656246847148053e+06
-1.956406018224934814e+06
-1.827387583258962724e+06
-1.700096945413147099e+06
-1.573764812616587849e+06
-1.448071592998129549e+06
-1.323231339650408598e+06
-1.199328125471207080e+06
-1.076406386023096740e+06
-9.545567581268959912e+05
-8.338284009675228735e+05
-7.142564166308849817e+05
-5.959421079340743599e+05
-4.788797551265889779e+05
-3.630631490636500530e+05
-2.486952677772692987e+05
-1.356421083806091920e+05
-2.287501537539221681e+04
8.735079995937322383e+04
1.961377273829159967e+05
3.034748042929837247e+05
4.093443126424859511e+05
5.137370926314174430e+05
6.166420558994028252e+05
7.180585742318574339e+05
8.179810375359599711e+05
9.163841361727856565e+05
1.013335272627788479e+06
1.108779419634185033e+06
1.202716283109401818e+06
1.295158980688157957e+06
1.386135042805231176e+06
1.475590962130816886e+06
1.564499156168122543e+06
1.651017917174853152e+06
1.735978063927846029e+06
1.819650436852472834e+06
1.901590089690161869e+06
1.982475641358761117e+06
2.061728247461328749e+06
2.139521854927901644e+06
2.215886937669769861e+06
2.290824062681580894e+06
2.364322735352317803e+06
2.436384439328413922e+06
2.507000046754781622e+06
2.576197966186026577e+06
2.643973530274487566e+06
2.710954688516805880e+06
2.775821353699581232e+06
2.839217081208301708e+06
2.901172600806929171e+06
2.961659475489135832e+06
3.020638985536241904e+06
3.078141639376830775e+06
3.477829783506520558e+06
3.407005857218145393e+06
3.329321622313049622e+06
3.246263406267419457e+06
3.155335981693948153e+06
3.058504788738919422e+06
2.953926613176960498e+06
2.841940838741386775e+06
2.721091685391426086e+06
2.593394195495129097e+06
2.457954022766462062e+06
2.314544181829107460e+06
2.162760945040635299e+06
2.002726905684656696e+06
1.834404271500275703e+06
1.657829548122325912e+06
1.473112748234207975e+06
1.280198357682252768e+06
1.079848159214241197e+06
8.720078493674909696e+05
6.569959420774744358e+05
4.353658041045338032e+05
2.076542188206327555e+05
-2.788021667961972344e+04
-2.658466920261197956e+05
-5.077412415127924178e+05
-7.529252483276377898e+05
-1.000312868568096193e+06
-1.249034726008382626e+06
-1.498095193696158705e+06
-1.746294307342386805e+06
-1.993469217314954149e+06
-2.237758403483932372e+06
-2.478322725084651262e+06
-2.714655593507848680e+06
-2.945122075459892862e+06
-3.169906068132567685e+06
-3.387278126117895357e+06
-3.598802178162511438e+06
-3.799614836992783472e+06
-3.991185038800333627e+06
-4.723730592453695834e+06
-4.625385102297044359e+06
-4.522809150699788705e+06
-4.416859874757933430e+06
-4.307840254824177362e+06
-4.195382454220798798e+06
-4.081219055244025309e+06
-3.964693914106875658e+06
-3.845964399279457051e+06
-3.725228605722925626e+06
-3.602807944203165360e+06
-3.478937881525269710e+06
-3.351993429224198684e+06
-3.226321686664489098e+06
-3.099203127643045504e+06
-2.971359936135245953e+06
-2.842885820641319267e+06
-2.714255507459901739e+06
-2.585259031640612055e+06
-2.455945203648125287e+06
-2.327056793014934752e+06
-2.198144769107957371e+06
-2.069520830696627032e+06
-1.941280855387261603e+06
-1.813260737867427757e+06
-1.686405866219833959e+06
-1.559801384012612281e+06
-1.433043212466053199e+06
-1.308269732308877166e+06
-1.184221250608871924e+06
-1.061579011934338138e+06
-9.397945795860672370e+05
-8.190847978040406015e+05
-6.997149386878055520e+05
-5.814399682981749065e+05
-4.645386123699758900e+05
-3.488961456518271589e+05
-2.346011581780155539e+05
-1.216776212197671121e+05
-1.015474913733375251e+04
9.994214035445956688e+04
2.086050734133734950e+05
3.158057130065005622e+05
4.225364073864613310e+05
5.268296735127980355e+05
6.295780457505786326e+05
7.308394484506553272e+05
8.305913823871490313e+05
9.288675063477251679e+05
1.025623047661396675e+06
1.120896389483490493e+06
1.214668012978896732e+06
1.306952854665261460e+06
1.397749080635242863e+06
1.487048581243214197e+06
1.574883574262404814e+06
1.661251288735742681e+06
1.746138613758825231e+06
1.830302460468114354e+06
1.912361427331673214e+06
1.992844312554930104e+06
2.071935201453271089e+06
2.149550653848343063e+06
2.225740768135773484e+06
2.300482764866772108e+06
2.373809490711160935e+06
2.445699324412100483e+06
2.516141860042303335e+06
2.585140088232736569e+06
2.652735792538123671e+06
2.718864238943472039e+06
2.783547608830029145e+06
2.846774718270133715e+06
2.909168421444341075e+06
2.969433758456556592e+06
3.027865710892777890e+06
3.085536780401256867e+06
3.469365566165328026e+06
3.398172624064916279e+06
3.320163685690628830e+06
3.236102568295680918e+06
3.144944179025151301e+06
3.046548354191669729e+06
2.941408326453214046e+06
2.828570670158822555e+06
2.707595358063168824e+06
2.579833638550152536e+06
2.443550590447233524e+06
2.297696033615428023e+06
2.145021887976099271e+06
1.984089746176098939e+06
1.814817938559638569e+06
1.637433798023639247e+06
1.451857963382399175e+06
1.258314104778321227e+06
1.057040642705135979e+06
8.483394734886297956e+05
6.326153595092030009e+05
4.103240845547295758e+05
1.819991436413695628e+05
-5.167162865342554142e+04
-2.900439935095936526e+05
-5.322455273173507303e+05
-7.800114475357405609e+05
-1.027683680636603967e+06
-1.276462045536989113e+06
-1.525242956354833208e+06
-1.773834692869732156e+06
-2.020449834450642345e+06
-2.264119082021446433e+06
-2.504367559774745721e+06
-2.740246928691107314e+06
-2.970383787142460700e+06
-3.194111734787215479e+06
-3.410659894631883595e+06
-3.619251504650249146e+06
-3.819175849061005749e+06
-4.009829438713802956e+06
-4.713868716397314332e+06
-4.613663257597237825e+06
-4.510685755495269783e+06
-4.404313424113953486e+06
-4.295682938404005952e+06
-4.183486208722979762e+06
-4.068741188203163911e+06
-3.951445631164561026e+06
-3.832557706588068511e+06
-3.711567070857091807e+06
-3.588909475751156453e+06
-3.464829007927488070e+06
-3.339515271276813466e+06
-3.213154443999271374e+06
-3.085904941121798474e+06
-2.956336207198696211e+06
-2.828204732760997023e+06
-2.699129402615724131e+06
-2.570263917412408162e+06
-2.441084063764273655e+06
-2.311967246875433717e+06
-2.183022286931097042e+06
-2.054375108119769255e+06
-1.926126177495086566e+06
-1.798403463218365097e+06
-1.671304085101110628e+06
-1.544704801437956514e+06
-1.419277743215730647e+06
-1.294519891695867758e+06
-1.170749442544463323e+06
-1.047974663356537581e+06
-9.250695761879539350e+05
-8.045240654700346058e+05
-6.850890040595767787e+05
-5.670495844617418479e+05
-4.501418752381062950e+05
-3.346923815481444472e+05
-2.205188552207162138e+05
-1.077272585238225292e+05
3.657040322850967186e+03
1.136200998517053231e+05
2.221336516484574531e+05
3.291911269929093542e+05
4.347715673047755263e+05
5.388714962483801646e+05
6.414756766814745497e+05
7.435967198783899657e+05
8.431998491111869225e+05
9.412914258642325876e+05
1.037722721079544979e+06
1.132992550262335222e+06
1.226604648449554574e+06
1.318708867402639939e+06
1.409330601539103780e+06
1.498479089642623672e+06
1.586139175747660454e+06
1.672321767630147049e+06
1.757030354777038097e+06
1.840297925771564711e+06
1.921895711027968908e+06
2.002451134989691898e+06
2.082128321586964186e+06
2.159573848197166342e+06
2.235575492282231338e+06
2.310130476379162632e+06
2.383270704936195631e+06
2.454973381209908519e+06
2.524989146726517938e+06
2.594056969074738678e+06
2.661358332679492421e+06
2.727406994896982331e+06
2.791905860463554971e+06
2.854939830384679604e+06
2.916512029631806072e+06
2.976616021156706847e+06
3.034637761684871279e+06
3.092573997499698307e+06
3.461782594983197749e+06
3.389325448614545632e+06
3.310988556966913864e+06
3.225734677930864971e+06
3.133503910916291177e+06
3.034973730327753816e+06
2.928791712217094842e+06
2.814595672214659397e+06
2.693804922132104635e+06
2.564660115797722246e+06
2.427076085793807171e+06
2.282236566198172979e+06
2.128757576773485169e+06
1.967025418157988228e+06
1.795265434706113534e+06
1.616946411076864693e+06
1.430506933797274949e+06
1.236126169341814239e+06
1.034050655180117814e+06
8.245967708164211363e+05
6.081565602224437753e+05
3.852139022570569068e+05
1.563233875935165852e+05
-7.788019886084465543e+04
-3.166828038622379536e+05
-5.593043646382008446e+05
-8.049065722291450948e+05
-1.052583482688086340e+06
-1.301403838023408549e+06
-1.552875717822444858e+06
-1.801035381157818483e+06
-2.047381370923377108e+06
-2.290937418863114435e+06
-2.530530795313702431e+06
-2.765494449105593842e+06
-2.995067436028165277e+06
-3.218237918363624718e+06
-3.433948523179020267e+06
-3.641584707294668071e+06
-3.840581162210750394e+06
-4.029675412141690496e+06
-4.703325076391282491e+06
-4.603418518799868412e+06
-4.499964179529034533e+06
-4.391500890206776559e+06
-4.282191290683654137e+06
-4.169690537835027091e+06
-4.054698991632616147e+06
-3.937326308891398367e+06
-3.817904385575627908e+06
-3.696203487354577985e+06
-3.573757588496722747e+06
-3.449466931449603289e+06
-3.323671758046701085e+06
-3.197075188389413990e+06
-3.070026384296904318e+06
-2.941953172919637524e+06
-2.813238717029200867e+06
-2.684417518790811766e+06
-2.553573373976671137e+06
