2.592830007827044465e+06
2.558410922818656079e+06
2.522644593947271351e+06
2.485856515283708461e+06
2.447926189797954168e+06
2.408977827569620684e+06
2.369052119109494146e+06
2.328145020257615950e+06
2.286268108002030756e+06
2.243475697793508414e+06
2.199750869395910762e+06
2.155118722376083490e+06
2.109237572818699293e+06
2.063166397947670892e+06
2.015598475223543355e+06
1.967303147666016128e+06
1.918096901153390296e+06
1.868165682889491552e+06
1.817347099880558671e+06
1.765650350768303033e+06
1.713019800339650363e+06
1.659528472815467743e+06
1.605301183020468801e+06
1.549986355341588613e+06
1.493967904089032207e+06
-1.703326206159502733e+06
-1.797014385994487908e+06
-1.890581097368766554e+06
-1.984251249210332287e+06
-2.077486602914985968e+06
-2.170260899235999677e+06
-2.263253176420756150e+06
-2.354272836641257629e+06
-2.444507410191480070e+06
-2.533185737418064382e+06
-2.620202314470332582e+06
-2.705210719421551097e+06
-2.787937361635736190e+06
-2.867963825881833211e+06
-2.944948243176061660e+06
-3.018440262009277940e+06
-3.088022985268333927e+06
-3.153155807815305889e+06
-3.213585460932058748e+06
-3.268565844971209764e+06
-3.317750596971065272e+06
-3.360933029973004945e+06
-3.396840538168869913e+06
-3.425414051515533589e+06
-3.446126016809456050e+06
-3.458235144018705469e+06
-3.462608268923143856e+06
-3.456976835759218317e+06
-3.443261534264980350e+06
-3.419500571669001132e+06
-3.386063816400245298e+06
-3.342921410806986038e+06
-3.290043959012266248e+06
-3.227469988121161703e+06
-3.155308393005192745e+06
-3.073796176894204225e+06
-2.982195967160215601e+06
-2.882705836235678289e+06
-2.774788712225535884e+06
-2.658964166639734060e+06
-2.535658769060110208e+06
1.813234249490888789e+06
1.892862179844079074e+06
1.969443864674379351e+06
2.042399327141365735e+06
2.113136641668428667e+06
2.180000935478160158e+06
2.245051409806208219e+06
2.306710723388944287e+06
2.365601426838729065e+06
2.421349230825984385e+06
2.475650943258322775e+06
2.526322080115262885e+06
2.573775276811706834e+06
2.619592656796569005e+06
2.662155604961844161e+06
2.702158374297603499e+06
2.739470257496403530e+06
2.773852006270815618e+06
2.806078399072772823e+06
2.835652508751191664e+06
2.861968932304737158e+06
2.886777331662023440e+06
2.908519218260913622e+06
2.927730979456856381e+06
2.944476661916675046e+06
2.958893744739491493e+06
2.970733922357281204e+06
2.979721337183656171e+06
2.987311124743229710e+06
2.992153163590138312e+06
2.994740508050490171e+06
2.995140505393970758e+06
2.993346927614431828e+06
2.989555127437314019e+06
2.983688902042123023e+06
2.975194102234147023e+06
2.966001334828606807e+06
2.954319428001543041e+06
2.940837697950328700e+06
2.925558527511580382e+06
2.908400046184099279e+06
2.889725100153222680e+06
2.869475702689150348e+06
2.847649776406005491e+06
2.824332398968179245e+06
2.799540768025965430e+06
2.772956567455600481e+06
2.745800052898529451e+06
2.716963442119837739e+06
2.686801187418682966e+06
2.655464210437523201e+06
2.622882083237921819e+06
2.588604120235663373e+06
2.554313878694349434e+06
2.518342683587896172e+06
2.481355965375549626e+06
2.442923613584585488e+06
2.403848424103828613e+06
2.363768499327704310e+06
2.322738188191390596e+06
2.280765544524531811e+06
2.237845496351849753e+06
2.193988535372095183e+06
2.149244745694702491e+06
2.103596649178240448e+06
2.056727010245921323e+06
2.009360584083582973e+06
1.961324279756400967e+06
1.912147814621892991e+06
1.862114718242677860e+06
1.810810735041173408e+06
1.758861065902795410e+06
1.705847669329341734e+06
1.652626181085015880e+06
1.597980945242645917e+06
1.542850529274077620e+06
1.486624619517274201e+06
-1.715811697030924959e+06
-1.809512772316850023e+06
-1.903210868973152712e+06
-1.996496534695196897e+06
-2.089935341453515459e+06
-2.182637021117271855e+06
-2.274451966699957382e+06
-2.365713334059987217e+06
-2.455633510921981651e+06
-2.545006099310208112e+06
-2.631786754164100159e+06
-2.716533190266340971e+06
-2.798583789352612104e+06
-2.878583566077100579e+06
-2.954828064678335097e+06
-3.028141635835495312e+06
-3.097182786343574524e+06
-3.161656867280118633e+06
-3.221451162153233308e+06
-3.275619728495862335e+06
-3.324051314713663887e+06
-3.365963973572837189e+06
-3.400992899083184078e+06
-3.428619234925187659e+06
-3.448538590654589701e+06
-3.459939135177488439e+06
-3.462665243674298283e+06
-3.456364475530171301e+06
-3.440825604987774510e+06
-3.415350952378402464e+06
-3.381045246961838566e+06
-3.336126008869268466e+06
-3.282396143541145138e+06
-3.218536894296338782e+06
-3.145121503898798954e+06
-3.062355274208195973e+06
-2.970517865101809613e+06
-2.869940045527715702e+06
-2.761034559021181427e+06
-2.643027157587388530e+06
-2.518781878082321957e+06
1.823988910880423617e+06
1.903221427222889150e+06
1.979368979180937167e+06
2.052351025596754625e+06
2.122309055493333843e+06
2.189220994001270272e+06
2.253251842507418245e+06
2.314795867902326863e+06
2.372980343291896861e+06
2.428981011523318943e+06
2.481979017919139005e+06
2.532555755335560068e+06
2.580185678469347302e+06
2.625502311420999467e+06
2.667658481562519912e+06
2.707511864309937693e+06
2.744489361920875497e+06
2.778812017321704887e+06
2.810514722407558467e+06
2.839625568200568203e+06
2.866127861559995916e+06
2.890080484861119650e+06
2.911488824577111285e+06
2.930360297707470600e+06
2.946456928421987686e+06
2.960723397595033981e+06
2.972247511849768460e+06
2.981430406337615568e+06
2.988328895274002105e+06
2.992869775473962538e+06
2.995147024886107538e+06
2.994657409443392884e+06
2.993217849877250381e+06
2.989101423158108257e+06
2.982935071755893063e+06
2.974804661048953421e+06
2.964753165133115370e+06
2.952812762526461389e+06
2.939046549734537024e+06
2.923545372289421968e+06
2.906340491475030314e+06
2.887483433452963363e+06
2.867002812539935112e+06
2.844669410278318450e+06
2.821225730333587155e+06
2.796165322296110913e+06
2.769885165144361090e+06
2.741849188449680805e+06
2.713147435795324855e+06
2.682837387633664999e+06
2.651294425714419223e+06
2.618519795307023916e+06
2.584676971667920239e+06
2.549140323289858643e+06
2.513609377768451348e+06
2.476439881898922380e+06
2.437985540034041740e+06
2.399077502023885492e+06
2.358733877534119412e+06
2.317343787432159763e+06
2.275234917139148805e+06
2.231984877507093363e+06
2.188124137911260128e+06
2.143363019405240659e+06
2.097384039536110591e+06
2.050938354575609788e+06
2.002989623037229991e+06
1.954997949490407249e+06
1.905712699341000523e+06
1.855534626484712120e+06
1.804358177635859232e+06
1.752591464077530196e+06
1.699807962995216250e+06
1.646140054411828984e+06
1.591055281185362721e+06
1.535603583946183324e+06
1.479244707106963964e+06
-1.727943268292985158e+06
-1.821864467103103176e+06
-1.915428195563404122e+06
-2.009239308081763098e+06
-2.102385325461836532e+06
-2.194526688582799863e+06
-2.286934097792779561e+06
-2.377879799184507225e+06
-2.467646203054912854e+06
-2.555940542722760234e+06
-2.642495018902171403e+06
-2.726988901547444984e+06
-2.809888901810358744e+06
-2.889150890129558742e+06
-2.965263741654046346e+06
-3.037780440200482029e+06
-3.106262161445523612e+06
-3.170226544365279377e+06
-3.229024974331106991e+06
-3.282713624528879765e+06
-3.330254462189561222e+06
-3.371274208002555650e+06
-3.405315572281199042e+06
-3.431920371228649747e+06
-3.450587568633025512e+06
-3.460170975220624357e+06
-3.461989589680137578e+06
-3.455025486030873843e+06
-3.437639221388933714e+06
-3.411864880571991205e+06
-3.375842760829474777e+06
-3.330089456082900986e+06
-3.274595102418203838e+06
-3.209418790588096716e+06
-3.134747578530166764e+06
-3.050725913916910999e+06
-2.957712553136463743e+06
-2.855984768428780138e+06
-2.745982819083139766e+06
-2.628180071821123827e+06
-2.503053681468756404e+06
1.833894347189732827e+06
1.913524915467426181e+06
1.989262483095249161e+06
2.061847662537249504e+06
2.131438200910564978e+06
2.198106749280836433e+06
2.261886393207766116e+06
2.322855520662214141e+06
2.381055640709639527e+06
2.436318417630806565e+06
2.489207802582709119e+06
2.538858865751252510e+06
2.586530656299073249e+06
2.631172743164906744e+06
2.673136241533170454e+06
2.712444854240986984e+06
2.749428781586314086e+06
2.783440420950856991e+06
2.814802929586700629e+06
2.843554418297257740e+06
2.869721503312250599e+06
2.892984505195787176e+06
2.914408488088202663e+06
2.932964327947294340e+06
2.949031515888536815e+06
2.962657364400553517e+06
2.973882801351396833e+06
2.982732706521576736e+06
2.989250546112524811e+06
2.993497837999807205e+06
2.995508670609420631e+06
2.995329216511308681e+06
2.992973105667214841e+06
2.988577523627044633e+06
2.982158701649311464e+06
2.973454880424187519e+06
2.963424990253042430e+06
2.951239133357025683e+06
2.937243517989607062e+06
2.921495624242055696e+06
2.904071738627116196e+06
2.884989213307758793e+06
2.864281255009364337e+06
2.842069918038403150e+06
2.818371565470762551e+06
2.793206781226449646e+06
2.766674136185983196e+06
2.738496454620710108e+06
2.709288244248174597e+06
2.678460149282822851e+06
2.647125989366617054e+06
2.614250221119997092e+06
2.580214066687604412e+06
2.545062662088165991e+06
2.508828145114928950e+06
2.471115702116184868e+06
2.433230842266880907e+06
2.393891721295006108e+06
2.353608123215284199e+06
2.312311174975370057e+06
2.270094350924813189e+06
2.226947994822834153e+06
2.182453466941511724e+06
2.137451987961329985e+06
2.091580688036340754e+06
2.044807830316333333e+06
1.997164887245414313e+06
1.948490595382614061e+06
1.899221476800655015e+06
1.848931796793134883e+06
1.797809549078312935e+06
1.745795836825134465e+06
1.692889192652829457e+06
1.639116949884206988e+06
1.584444909155385336e+06
1.528886784360399703e+06
1.472432966430834960e+06
-1.740561618245004443e+06
-1.834557497129798634e+06
-1.928249858255584724e+06
-2.021727720356882317e+06
-2.114836891572468914e+06
-2.207276865858230740e+06
-2.298870341449442785e+06
-2.389790941123258322e+06
-2.479630247813429683e+06
-2.567723779642870184e+06
-2.654028998809425160e+06
-2.738248626664354000e+06
-2.819983154789662454e+06
-2.898664742549571674e+06
-2.974619320224176161e+06
-3.047358299893925898e+06
-3.115262680085111875e+06
-3.178615428536862135e+06
-3.236306077580854297e+06
-3.289492196817606222e+06
-3.336331517895130906e+06
-3.376437593359792139e+06
-3.409373412771190517e+06
-3.435095029410366900e+06
-3.452681341978493612e+06
-3.461871457115921192e+06
-3.462323807477352675e+06
-3.453607948824853636e+06
-3.435665657296317630e+06
-3.407461002800283488e+06
-3.370456259872987401e+06
-3.323118019172611646e+06
-3.266609666480915155e+06
-3.199474367889550980e+06
-3.124186102484690025e+06
-3.038960626891834661e+06
-2.944515150066259317e+06
-2.841910316294912715e+06
-2.730430616271276493e+06
-2.611986243285333272e+06
-2.485594669945542235e+06
1.844558854561539134e+06
1.923053571455354569e+06
1.998357441544303903e+06
2.070604895241663093e+06
2.140519031098673586e+06
2.206810341240413487e+06
2.270249579706246499e+06
2.330863814478928223e+06
2.388720161688994616e+06
2.443349804678093642e+06
2.496187857034422923e+06
2.545851311360671651e+06
2.592828509183233138e+06
2.637124964006510098e+06
2.678293609244796913e+06
2.717707376311721280e+06
2.754012230390099343e+06
2.787670567998442799e+06
2.818742833837602753e+06
2.846661303671560250e+06
2.873284696662324481e+06
2.895909127889701165e+06
2.917274753283211496e+06
2.935058475017736200e+06
2.951256413097826764e+06
2.964228607286776416e+06
2.975435943739135750e+06
2.983838691966284532e+06
2.989993745481377933e+06
2.994127807899593841e+06
2.995832061556991190e+06
2.995387521817379165e+06
2.992775147150580306e+06
2.988097957428284921e+06
2.981420283253116067e+06
2.972686623529007193e+06
2.962096729894141201e+06
2.949678873333783820e+06
2.935430162910025567e+06
2.919451619084067177e+06
2.901786736148913391e+06
2.882458005487784743e+06
2.861581042056067847e+06
2.839126024808533024e+06
2.815229170922961086e+06
2.789535109214196447e+06
2.763163330875590444e+06
2.735084207494982518e+06
2.705731672064773738e+06
2.675086485811378341e+06
2.642929133313246071e+06
2.609904882230631076e+06
2.575428229671410285e+06
2.540421147229554132e+06
2.504037087318650912e+06
2.466564253716378938e+06
2.428162306115384679e+06
2.388420724942799658e+06
2.348279269418752752e+06
2.306882197613721713e+06
2.264562111218647100e+06
2.221280739955408033e+06
2.177070765818833373e+06
2.132001424764546100e+06
2.086023351601666538e+06
2.038679219490968622e+06
1.990910103947767057e+06
1.942277056785416789e+06
1.892764488561134087e+06
1.842371581068878528e+06
1.791109252542122966e+06
1.738979635003915522e+06
1.685958476195127936e+06
1.631807397344917059e+06
1.576963757144018076e+06
1.521608555329202441e+06
1.465033967371555511e+06
-1.752167732588696061e+06
-1.846140145985802636e+06
-1.939446322272152407e+06
-2.034233085335939890e+06
-2.127290573205986526e+06
-2.219779268136855680e+06
-2.311471455246685073e+06
-2.401612038381037768e+06
-2.491586185904901475e+06
-2.579481916968811303e+06
-2.665541909077456221e+06
-2.748995914207534399e+06
-2.830869239755579270e+06
-2.909392621857749764e+06
-2.984635561979198363e+06
-3.055755077738433145e+06
-3.123558120215185918e+06
-3.186294516207963228e+06
-3.243848314538993407e+06
-3.296465617316543590e+06
-3.342284225201911759e+06
-3.381518444203827064e+06
-3.413552439620806836e+06
-3.438144892054647673e+06
-3.454627019698112272e+06
-3.462669936346867122e+06
-3.461893523108532652e+06
-3.451993980105056893e+06
-3.432740457484387793e+06
-3.403906038869014941e+06
-3.365270544473798480e+06
-3.317063395016744267e+06
-3.259070131506030448e+06
-3.190712180590194184e+06
-3.113242560289112851e+06
-3.027031640981732868e+06
-2.931205843598243780e+06
-2.827668105772345327e+06
-2.715511640411810018e+06
-2.595257976376951672e+06
-2.468684172013822477e+06
1.854053236216968158e+06
1.932483382269080030e+06
2.007424239724187646e+06
2.079314104521377943e+06
2.148220393435338512e+06
2.214197817379644606e+06
2.277340380413449369e+06
2.337438356737694703e+06
2.395777864960124251e+06
2.450239258502996061e+06
2.502622315674455371e+06
2.551434513297921512e+06
2.598308919221032877e+06
2.642599519270581659e+06
2.683475079270773102e+06
2.722545373101599980e+06
2.758543344000828452e+06
2.791889387672850396e+06
2.822627073710099328e+06
2.850760075149096083e+06
2.876307402163702063e+06
2.899299279841137119e+06
2.919402971991090570e+06
2.937845032668557484e+06
2.953288924086217303e+06
2.966296191144884098e+06
2.976889459184685722e+06
2.984558690354932100e+06
2.991031964000009000e+06
2.994343952488570008e+06
2.996127594473020639e+06
2.995382653936666436e+06
2.992517163956671953e+06
2.987603790419712663e+06
2.980675237267344724e+06
2.971761144737526774e+06
2.960964348517823499e+06
2.948299953437461518e+06
2.933711033617976587e+06
2.917235300596685149e+06
2.899647803820747882e+06
2.880109685833789874e+06
2.859016604958789889e+06
2.836419517073214054e+06
2.812227769531913567e+06
2.786808058184836060e+06
2.759886481411206070e+06
2.731675932821226772e+06
2.702127071422312874e+06
2.670938342111016158e+06
2.639361645807005931e+06
2.606153407845151145e+06
2.571899334501043428e+06
2.536130365483167116e+06
2.499622532940309495e+06
2.462059702381156851e+06
2.423504977178851143e+06
2.383912558175764978e+06
2.343375584372505546e+06
2.301850252052987460e+06
2.259396943077610806e+06
2.215706490102069452e+06
2.171410162455020007e+06
2.126547276630931534e+06
2.080400921993494732e+06
2.033473601347865537e+06
1.985621270856315503e+06
1.936886155090929009e+06
1.886777591935096076e+06
1.836279527470285073e+06
1.784914356218985049e+06
1.732663180676833494e+06
1.679558153482352151e+06
1.625548976383615285e+06
1.570654559096455341e+06
1.514660274943977594e+06
1.457935223083091667e+06
-1.762751216827533673e+06
-1.856807733621429885e+06
-1.950490541277562268e+06
-2.043919186169388238e+06
-2.136565671969528776e+06
-2.229378912505823653e+06
-2.321916457542641554e+06
-2.412482569071904756e+06
-2.501756470216522925e+06
-2.589469300196756143e+06
-2.674709238679524511e+06
-2.758989533829329535e+06
-2.840083879760534037e+06
-2.918282120177338365e+06
-2.993132664342062082e+06
-3.064241440679214429e+06
-3.131120883143163286e+06
-3.192806105683052912e+06
-3.250361434566071257e+06
-3.301698762030184735e+06
-3.346899243315463886e+06
-3.385759821330635808e+06
-3.416782676195275038e+06
-3.440544961847126018e+06
-3.456185240832685959e+06
-3.463237308180308435e+06
-3.461446978289500345e+06
-3.450504650679442566e+06
-3.430140304836427327e+06
-3.400187245768376160e+06
-3.359785452648695558e+06
-3.311153411744457670e+06
-3.252043812339490280e+06
-3.183119200098566245e+06
-3.105130021571125370e+06
-3.017721549655789044e+06
-2.921419807117181830e+06
-2.815470898299706634e+06
-2.702424064516746439e+06
-2.581740915160075296e+06
-2.453953933976383414e+06
1.863993553446508478e+06
1.941868992787663592e+06
2.016458904827737482e+06
2.087653157744625350e+06
2.156289349305042531e+06
2.221733771035228856e+06
2.284976646250434220e+06
2.345007052736709360e+06
2.402250496498258784e+06
2.456732191688970197e+06
2.508496451193139888e+06
2.558039538719052915e+06
2.604380615694851615e+06
2.648045841309901327e+06
2.689040632809647825e+06
2.727371597269168589e+06
2.763045435119527392e+06
2.796093295209890697e+06
2.826512324026079848e+06
2.854316394651032984e+06
2.879567836856998038e+06
2.902211517122320365e+06
2.922361452750221826e+06
2.940002899709400255e+06
2.955150465360248927e+06
2.967881927732668817e+06
2.978275795603295323e+06
2.986246008749532513e+06
2.991850218124973122e+06
2.995249351195367984e+06
2.995777998451135121e+06
2.995079959531077649e+06
2.992277210931131151e+06
2.987056179694092833e+06
2.979884910753658973e+06
2.970721942163719796e+06
2.959716646256919019e+06
2.946574334934629966e+06
2.932134762559894938e+06
2.915758755131577607e+06
2.897658625693581533e+06
2.877770836420541629e+06
2.856478138287832495e+06
2.833681151864545420e+06
2.809403469906826038e+06
2.783711224775656592e+06
2.756450574387364555e+06
2.728240606544422451e+06
2.698550973460277077e+06
2.667619086509894114e+06
2.635455299661632162e+06
2.602025160806894768e+06
2.567725587311715353e+06
2.531828080902890302e+06
2.495548619896563236e+06
2.457882045528344810e+06
2.418795619141618256e+06
2.379129141172333620e+06
2.338308685665349010e+06
2.296817001275703777e+06
2.254245194188986439e+06
2.210779101944007445e+06
2.166364525439328514e+06
2.121068012704658788e+06
2.074864423388675321e+06
2.027791851740453159e+06
1.979828304035119945e+06
1.930988994463022798e+06
1.881278659560332075e+06
1.830672016755427234e+06
1.779218963167258073e+06
1.726187011165350443e+06
1.673011212461250136e+06
1.619014180845754221e+06
1.564019253628491657e+06
1.508128188313412480e+06
1.451329525710369693e+06
-1.774482551825196715e+06
-1.868199341393095441e+06
-1.962084351145724300e+06
-2.055485942491675029e+06
-2.148034936376478523e+06
-2.240821149534469936e+06
-2.332225350182816386e+06
-2.422455101393815596e+06
-2.511922291142747737e+06
-2.600333711758501362e+06
-2.685929686197105795e+06
-2.768727506770165637e+06
-2.850093050499800127e+06
-2.927900813390509225e+06
-3.002344431806173641e+06
-3.072955821377316955e+06
-3.139299728250449989e+06
-3.200726353045602329e+06
-3.257249635539898649e+06
-3.307860050185952801e+06
-3.352238080300806090e+06
-3.389892928465489764e+06
-3.420298561485108454e+06
-3.442426437043746933e+06
-3.457624281120829284e+06
-3.463705311402157415e+06
-3.460802278715692926e+06
-3.448157741336861625e+06
-3.427149926708497107e+06
-3.396016478618166875e+06
-3.354390845386585686e+06
-3.304541802241137717e+06
-3.244134861359896604e+06
-3.173923306003256235e+06
-3.094791004915761296e+06
-3.006447784507950768e+06
-2.909044756055368111e+06
-2.803177281582639553e+06
-2.689216220683312975e+06
-2.567694313354213256e+06
1.793245697810053127e+06
1.873849418372130254e+06
1.951221941212005215e+06
2.025441743192130933e+06
2.096621146577138454e+06
2.164842573986899573e+06
2.229848869197508320e+06
2.292656405427097343e+06
2.352335775580815040e+06
2.409248374261428136e+06
2.463386440679145977e+06
2.514871223068051506e+06
2.563622902963900473e+06
2.609672371894185897e+06
2.653032257595943753e+06
2.694150465717160609e+06
2.731676849728799425e+06
2.767514731908639893e+06
2.800248698237611447e+06
2.830149130465974566e+06
2.857826772646562196e+06
2.882770117546404712e+06
2.905120904378306121e+06
2.924936914655042347e+06
2.941829005251111928e+06
2.957108587620780803e+06
2.969543597590080462e+06
2.979556412238522898e+06
2.987245060038900934e+06
2.992618625011134893e+06
2.995741383425064851e+06
2.996242600443786476e+06
2.994788786498627160e+06
2.991938130446431693e+06
2.985866214807327371e+06
2.979050017737853806e+06
2.969687719643387012e+06
2.958406248940840829e+06
2.945273314885112457e+06
2.930383402389646508e+06
2.913775353135704529e+06
2.895507933143972885e+06
2.875578613375384361e+06
2.854114114383270033e+06
2.831136742724237964e+06
2.806456410015180707e+06
2.780587504271988757e+06
2.753340995193449780e+06
2.724781911162557546e+06
2.694935862788009923e+06
2.663855314307731576e+06
2.631549809614668600e+06
2.598122572039972525e+06
2.563524435632409528e+06
2.527832200234218501e+06
2.491104638575335033e+06
2.452913636493011843e+06
2.414508467535513453e+06
2.374594485410463531e+06
2.333933480095026083e+06
2.291757853510592598e+06
2.249082746027742978e+06
2.205505222741362173e+06
2.160995580874239095e+06
2.115567299967598636e+06
2.069269707435062854e+06
2.022088981909848284e+06
1.974025389871619642e+06
1.925070240580155514e+06
1.875249242517919745e+06
1.824556191215507686e+06
1.772997024969559861e+06
1.720287034190925537e+06
1.666849109436101746e+06
1.613033078784568701e+06
1.557032819064134965e+06
1.501373952359740390e+06
-1.692459244991641026e+06
-1.786227439141365467e+06
-1.880021254637726117e+06
-1.973674503117219545e+06
-2.067048826879302971e+06
-2.159582913386052474e+06
-2.252260849918861408e+06
-2.343681156300022267e+06
-2.434002599989409558e+06
-2.522952113017398398e+06
-2.610282907707752194e+06
-2.695676066835302860e+06
-2.778797298261247110e+06
-2.859274849167283624e+06
-2.937484209871769417e+06
-3.011476947846678551e+06
-3.081597431256582495e+06
-3.147386321764055640e+06
-3.208364837394830771e+06
-3.264033086441470310e+06
-3.313864853145985398e+06
-3.356992872811940964e+06
-3.394296665325700771e+06
-3.423170312386961654e+06
-3.445510027609042358e+06
-3.459083275212159380e+06
-3.464064870255482849e+06
-3.459692672095830087e+06
-3.446941166495278478e+06
-3.424029922999503091e+06
-3.391684988033075351e+06
-3.349339762075976934e+06
-3.297800073803376406e+06
-3.236271952649135143e+06
-3.165020974839048460e+06
-3.084614899375345558e+06
-2.995032183435642160e+06
-2.896574729825211223e+06
-2.789654090658391826e+06
-2.674738605144641828e+06
-2.552156979544769041e+06
1.802182461666828720e+06
1.882751991385893198e+06
1.959768875313791679e+06
2.034368592567146756e+06
2.105227314905816223e+06
2.172581709351790138e+06
2.237799108056112658e+06
2.300258249527439475e+06
2.359621892287603114e+06
2.416200937138624024e+06
2.470060749333695509e+06
2.521198850355083123e+06
2.569634411526831798e+06
2.615032839075280819e+06
2.658434717131166253e+06
2.698826191007975489e+06
2.736539084165189881e+06
2.771602323051145300e+06
2.803720554535401519e+06
2.834149261779371649e+06
2.861318100651603192e+06
2.885584037108683027e+06
2.907956665130336303e+06
2.927497223331328947e+06
2.944502272436201107e+06
2.959039496471713763e+06
2.971173866694307886e+06
2.980920870220742654e+06
2.988278151245189365e+06
2.993373805839699227e+06
2.996198970725664403e+06
2.996833556885310914e+06
2.995285733331803698e+06
2.991617197623783723e+06
2.985920031673844438e+06
2.978210798293328378e+06
2.968580580469190609e+06
2.957074227922121529e+06
2.943726449413958937e+06
2.928007108606560156e+06
2.911773676816906780e+06
2.893277204154998995e+06
2.873188753438152373e+06
2.851522109432588797e+06
2.828227696156149264e+06
2.803716560879645403e+06
2.777715079319743440e+06
2.750297735692855902e+06
2.721304066976019181e+06
2.691286195598649792e+06
2.660077330641812179e+06
2.627616209424685221e+06
2.594040613909897860e+06
2.558768526492846198e+06
2.523504576382731088e+06
2.486643165213806089e+06
2.448727899836985860e+06
2.409785774343377445e+06
2.369859677878283430e+06
2.328974838635081425e+06
2.287141629066310823e+06
2.244356364845876116e+06
2.200657299742147792e+06
2.155595288014642429e+06
2.110073750986378640e+06
2.063669472502117278e+06
2.016368362480569165e+06
1.968193187416212633e+06
1.919154863951209700e+06
1.869232422091164859e+06
1.818278256200623699e+06
1.766763738403658615e+06
1.714219748242132366e+06
1.660779942169942660e+06
1.606138974771660985e+06
1.551271721846417058e+06
1.494811225738803390e+06
-1.702170412431898527e+06
-1.795949807098592166e+06
-1.890696741248500999e+06
-1.984346794499247568e+06
-2.077700292001505150e+06
-2.170578198206077795e+06
-2.262261070013253018e+06
-2.353883832294816617e+06
-2.444291729346701875e+06
-2.533095711452368181e+06
-2.620232990077455994e+06
-2.705384024833328556e+06
-2.788238050407858565e+06
-2.867969271785904188e+06
-2.945517523614047095e+06
-3.019132707938668784e+06
-3.088562660103219561e+06
-3.154770030061139259e+06
-3.215205694163935725e+06
-3.270236019658549689e+06
-3.319452799634862691e+06
-3.362273359533723444e+06
-3.398263921116764657e+06
-3.426893741059742868e+06
-3.447716024245266803e+06
-3.460304365067053586e+06
-3.464279537317872047e+06
-3.459273342231716029e+06
-3.445058051270970609e+06
-3.420560932628538460e+06
-3.387497847514379770e+06
-3.344877772411054466e+06
-3.291459391549327411e+06
-3.228869589950071182e+06
-3.156384436662049498e+06
-3.074645921406434849e+06
-2.984064844526256435e+06
-2.884730064854521770e+06
-2.776789037531034090e+06
-2.661341354769482743e+06
-2.538078599481116980e+06
1.811681211245188955e+06
1.891611363417945337e+06
1.967873298935379134e+06
2.041849625020491192e+06
2.112398193990656640e+06
2.180016352174100466e+06
2.245316263530637603e+06
2.306928902040991001e+06
2.366290609460940119e+06
2.422582449964713305e+06
2.476154724900175352e+06
2.527013749611920211e+06
2.575140047559683677e+06
2.620587794298824854e+06
2.663183166162833106e+06
2.703469285843458958e+06
2.740903463907243684e+06
2.775683724663466215e+06
2.807819066909410991e+06
2.837338566490438301e+06
2.864261055124359205e+06
2.888785861404511146e+06
2.910602991845829412e+06
2.929810106292094104e+06
2.946555585138779599e+06
2.960778968887761701e+06
2.972660151138827205e+06
2.982116247229375411e+06
2.989226450378422160e+06
2.994053651900256984e+06
2.996634588713642675e+06
2.997019401053668000e+06
2.995223913145618048e+06
2.991348843574228697e+06
2.985418607748378068e+06
2.977534805564747192e+06
2.967105824776283931e+06
2.955869463316696230e+06
2.942045853920536116e+06
2.926965868341841735e+06
2.909615127550803591e+06
2.891279959465204272e+06
2.870985660077404231e+06
2.849141744951708708e+06
2.825244386249837000e+06
2.801000890422584955e+06
2.774810154822204262e+06
2.747277031320167705e+06
2.718395587924573105e+06
2.687944923887385521e+06
2.656906158108943608e+06
2.624009242593947332e+06
2.589849129332080949e+06
2.555472674160324503e+06
2.519531993331259582e+06
2.482525520219473634e+06
2.444493953926178161e+06
2.405462350526098628e+06
2.365084836386371404e+06
2.324420852685988881e+06
2.282474484588688239e+06
2.239593545824407134e+06
2.195760232125771232e+06
2.151100806136399508e+06
2.105217876432584133e+06
2.059005433735339437e+06
2.011556299324354855e+06
1.962877680447755614e+06
1.913731690818507923e+06
1.863704421612202656e+06
1.812808877329160925e+06
1.761047956831159070e+06
1.708398367095477879e+06
1.654868779121918837e+06
1.600460279938684311e+06
1.545150684348572977e+06
1.488947161426277598e+06
-1.712838922057397431e+06
-1.806640162009325810e+06
-1.900441230742242886e+06
-1.994077903472185601e+06
-2.087415717337809736e+06
-2.181166376706780400e+06
-2.273129526768337004e+06
-2.364503546360513195e+06
-2.454575901002394035e+06
-2.543217209762896877e+06
-2.630035806620444171e+06
-2.715076565964769572e+06
-2.797180105756192002e+06
-2.877502287325567100e+06
-2.954241373102564830e+06
-3.027464095363516361e+06
-3.096136165677136742e+06
-3.161506256082467269e+06
-3.221389080687408336e+06
-3.275437143581470009e+06
-3.324860859632334672e+06
-3.366944476654087193e+06
-3.402126983809452038e+06
-3.429873996902818792e+06
-3.449044298620715272e+06
-3.461442364932273515e+06
-3.464050913872496691e+06
-3.458348637037497479e+06
-3.443038293293535709e+06
-3.418223220340887550e+06
-3.383743985585644376e+06
-3.339572483770767227e+06
-3.285621365016188007e+06
-3.221998235126576852e+06
-3.148818952968962491e+06
-3.064916623909946065e+06
-2.973749026722430252e+06
-2.873322136555835605e+06
-2.764529822028442286e+06
-2.647802146135550924e+06
-2.523780514072601218e+06
1.820074420751166064e+06
1.899406343872622121e+06
1.976025725461478345e+06
2.049292291982342489e+06
2.119564788060026709e+06
2.186894187068887521e+06
2.251326718348398805e+06
2.312816445936344564e+06
2.371781103244125377e+06
2.428263054554808885e+06
2.481444680161997676e+06
2.532277013743018266e+06
2.580177198546460364e+06
2.625363332661372609e+06
2.667853904331496917e+06
2.707697826378443278e+06
2.744866744415146299e+06
2.779383451077439822e+06
2.811266982151300646e+06
2.840527963911212515e+06
2.867162673939217348e+06
2.891014263095293660e+06
2.912791504621355329e+06
2.931761150330294389e+06
2.948420388861807063e+06
2.962127738116480876e+06
2.974018073147392366e+06
2.983231789083129261e+06
2.990105956466939300e+06
2.994711628323548473e+06
2.997017241454933770e+06
2.997156152409140021e+06
2.995152489485798869e+06
2.990958402807676699e+06
2.984918362752199173e+06
2.976827538043967914e+06
2.966157265957392752e+06
2.954861429876240902e+06
2.941129308396212291e+06
2.925486169523881283e+06
2.908277895541475154e+06
2.889393920387836173e+06
2.868961362658451777e+06
2.846962220069210045e+06
2.823467485568593256e+06
2.798511356107176747e+06
2.772170594934582245e+06
2.744480060954525135e+06
2.715401493024125230e+06
2.685213538573112804e+06
2.653753764377090149e+06
2.621066605876932386e+06
2.587220493625664152e+06
2.552301224853043444e+06
2.516213839176336769e+06
2.478805780717291404e+06
2.440669775126561988e+06
2.401373247256417293e+06
2.361377890212316066e+06
2.319996006188225932e+06
2.278245737218394410e+06
2.235286881792808417e+06
2.191385932931007352e+06
2.146589522424000781e+06
2.100903264140609186e+06
2.054320770351218292e+06
2.006849817519944394e+06
1.958487080142593943e+06
1.909264250390397850e+06
1.859178657843836118e+06
1.807695082259757211e+06
1.755842040831053164e+06
1.703097151660205098e+06
1.649486132232058328e+06
1.594990279476943426e+06
1.539587190887556178e+06
1.483299303347570356e+06
-1.721622909325739834e+06
-1.815450682285520714e+06
-1.908873255145788426e+06
-2.002889582055178005e+06
-2.095769675713944947e+06
-2.188974267129745334e+06
-2.281045917202507611e+06
-2.372197626856495626e+06
-2.463063156108301133e+06
-2.551350135899173561e+06
-2.638150989422238898e+06
-2.723095005809886847e+06
-2.805432770578366239e+06
-2.885035588567846455e+06
-2.961474442436716054e+06
-3.034325108884822577e+06
-3.103174487911302596e+06
-3.166948675887665246e+06
-3.226651951167524327e+06
-3.280913041322721168e+06
-3.328896072621786036e+06
-3.370425362022521906e+06
-3.404970412993111182e+06
-3.431683327196274884e+06
-3.451495513548190705e+06
-3.461619730992139783e+06
-3.464438041262533050e+06
-3.457550026918952353e+06
-3.441346141076191328e+06
-3.415527248340806924e+06
-3.379454886762883049e+06
-3.335101940899897367e+06
-3.280268375736004673e+06
-3.215496892213372048e+06
-3.141660820892796852e+06
-3.057874969338153023e+06
-2.965837814268072136e+06
-2.864695505166560411e+06
-2.754081948061326984e+06
-2.636685687443357427e+06
-2.511940233495981432e+06
1.827266319930030499e+06
1.906885970195801929e+06
1.982999205423757201e+06
2.056004061043836875e+06
2.126009912449399009e+06
2.192666010284312535e+06
2.257028976017583627e+06
2.318567583275411278e+06
2.377258615172854159e+06
2.433098400753215421e+06
2.486187841474728659e+06
2.536568533016393427e+06
2.584159404579836410e+06
2.629651035886564292e+06
2.671906471429900266e+06
2.711476013887716923e+06
2.748280114509932231e+06
2.782726516835256945e+06
2.814386089101548772e+06
2.843108688235747628e+06
2.869804529314178042e+06
2.893649826851875987e+06
2.914953814339222386e+06
2.933713990496939048e+06
2.949398939779277891e+06
2.963789172293316573e+06
2.974782415568094235e+06
2.984238616060937755e+06
2.990924554356394801e+06
2.994635328591265250e+06
2.997392133986690082e+06
2.997249893617209513e+06
2.994687205588941462e+06
2.990794317621299066e+06
2.984125721699811518e+06
2.976169140718365554e+06
2.965933194509735797e+06
2.953874631707101595e+06
2.939966480357668828e+06
2.924285975290229078e+06
2.906853604526523966e+06
2.887942276686111931e+06
2.867330322576523293e+06
2.844582712631123606e+06
2.821353557007907890e+06
2.796261959861807991e+06
2.769807989896022715e+06
2.741953739844025578e+06
2.712881224422346335e+06
2.682470705703312531e+06
2.650886035803351551e+06
2.618098325481911190e+06
2.584174440654410049e+06
2.549131871915497351e+06
2.512976115271860734e+06
2.475793456554118078e+06
2.437589940716893412e+06
2.398357237996234093e+06
2.357598016489423811e+06
2.316568755697329529e+06
2.274405594152974430e+06
2.231385970878025051e+06
2.187404204305739142e+06
2.142532585849252064e+06
2.096750197848965414e+06
2.050099142627017107e+06
2.002560183893881040e+06
1.954128659270006698e+06
1.904813403859015787e+06
1.854654592243445804e+06
1.803598784736404428e+06
1.751668988346327562e+06
1.698859484549863730e+06
1.644640099392824341e+06
1.590045813501164783e+06
1.534344652728666551e+06
1.478202414037025999e+06
-1.730146443559551844e+06
-1.824175179001512472e+06
-1.917859401054791408e+06
-2.011696184308496304e+06
-2.104967770051380154e+06
-2.197511077014486305e+06
-2.289731462593809236e+06
-2.380778582990429830e+06
-2.470089502922815271e+06
-2.559051378429814242e+06
-2.645669960917828139e+06
-2.731078568099407479e+06
-2.813188462163551711e+06
-2.892516316414926201e+06
-2.968531263198709115e+06
-3.041167562598887365e+06
-3.109631180176669732e+06
-3.173566597966752015e+06
-3.232496521972179879e+06
-3.285891134832703974e+06
-3.333312742842290085e+06
-3.374203594182391651e+06
-3.407773755088950507e+06
-3.434475830185135826e+06
-3.452957211430875119e+06
-3.462304940929269418e+06
-3.463616444285283796e+06
-3.456642224804255646e+06
-3.439546649214399513e+06
-3.412141202803528402e+06
-3.376623743304947391e+06
-3.330587035285948310e+06
-3.274355775444526225e+06
-3.208975572739721276e+06
-3.134419711457017809e+06
-3.050189253008968662e+06
-2.956900172136644367e+06
-2.854952429652018938e+06
-2.744728099670852534e+06
-2.626680083012803923e+06
-2.501351057205772493e+06
1.835093088737537619e+06
1.913685870665125083e+06
1.989518021206429228e+06
2.062222481499672402e+06
2.132442426824999973e+06
2.199265725120420102e+06
2.263223209873520304e+06
2.324177766780704726e+06
2.382720575843687635e+06
2.438321554836963303e+06
2.491168303773942869e+06
2.541310095156803261e+06
2.588754573485774919e+06
2.633510882692668587e+06
2.675564785380187444e+06
2.714927568708358798e+06
2.752031833639284596e+06
2.785787547172636725e+06
2.817478932311522309e+06
2.846246438040736597e+06
2.872432832878031302e+06
2.896034739446077961e+06
2.917087671908783726e+06
2.935597878201905172e+06
2.951638668708582874e+06
2.965246001139507629e+06
2.975934762095472775e+06
2.985173588300525676e+06
2.991569490347573068e+06
2.995794707239086740e+06
2.997719703497928102e+06
2.997447370291057974e+06
2.995030439497461077e+06
2.990076647164775524e+06
2.984002039358370472e+06
2.974885814844909124e+06
2.965129999172059353e+06
2.952830629504088778e+06
2.938755624241666403e+06
2.922751159315458033e+06
2.905431466022454202e+06
2.886249802406176459e+06
2.865536341539071873e+06
2.843243864255982451e+06
2.819485011329279281e+06
2.794261213275655638e+06
2.767420755807509646e+06
2.739490421586343553e+06
2.710220626319800038e+06
2.679214966986875981e+06
2.648015099173591007e+06
2.615141392568151001e+06
2.581086113331858534e+06
2.545935197238949593e+06
2.509724353002277203e+06
2.472440953888459131e+06
2.434123773525441065e+06
2.394794394752884749e+06
2.354518298783078324e+06
2.312970699542471673e+06
2.271068628267235588e+06
2.227495225686574820e+06
2.183442224828760605e+06
2.138478803958946839e+06
2.092609241609720979e+06
2.045873806877625408e+06
1.998251838521227706e+06
1.949515133726111846e+06
1.900359436172110960e+06
1.850030860509960679e+06
1.798987327160166344e+06
1.746982108544365037e+06
1.694091241677061655e+06
1.640320260163953295e+06
1.585666896789517254e+06
1.529753335587944603e+06
1.472908056939676404e+06
-1.739232360795621993e+06
-1.832949408017376671e+06
-1.926901064200492576e+06
-2.020421028697584057e+06
-2.113420218507169746e+06
-2.206451113248016220e+06
-2.298413713368170895e+06
-2.388848616000222042e+06
-2.479123458661804907e+06
-2.567390439502530731e+06
-2.653294868281674106e+06
-2.738210186962309759e+06
-2.820120036440947559e+06
-2.899224511704446282e+06
-2.975819537171075121e+06
-3.047992667875545565e+06
-3.116049237164764199e+06
-3.179532477884905878e+06
-3.237966106795924716e+06
-3.290849638532645069e+06
-3.337655093300927430e+06
-3.377913463915499859e+06
-3.411123098115004133e+06
-3.436478757151680533e+06
-3.454498614223309327e+06
-3.463794792017720174e+06
-3.464361453504727222e+06
-3.455809673493034672e+06
-3.437922641067647375e+06
-3.410141530243221670e+06
-3.372920299266447313e+06
-3.325965270669834688e+06
-3.269298908822202589e+06
-3.202664304683817551e+06
-3.126707588648154866e+06
-3.041779626584982965e+06
-2.947898984826590400e+06
-2.845142718675748911e+06
-2.734112389622524381e+06
-2.615394550621165428e+06
-2.489002767449669074e+06
1.842578104868670925e+06
1.921300440155157819e+06
1.996857718634617282e+06
2.069659154169264482e+06
2.139421415849579964e+06
2.206009224572360050e+06
2.269762907840977423e+06
2.330633061536021531e+06
2.388725948319952935e+06
2.443684750687698368e+06
2.496655046121200547e+06
2.546541626785758883e+06
2.593437394617612939e+06
2.637848670200148597e+06
2.680011145969441626e+06
2.719133079948196653e+06
2.755432025857042521e+06
2.789392590712089092e+06
2.820302074113851413e+06
