6.117631814847380854e+06
6.113376680230183527e+06
6.108017212337452918e+06
6.101982702597877011e+06
6.095097516902411357e+06
6.087526067140638828e+06
6.079322478531843983e+06
6.070479378482603468e+06
6.061014808539188467e+06
6.051011396337771788e+06
6.040450163033503108e+06
6.029376971168853343e+06
6.017267644467462786e+06
6.005792210280656815e+06
5.992907734901194461e+06
5.979847334586212412e+06
5.967032028489098884e+06
5.953433946297815070e+06
5.939479580788169056e+06
5.925211463242624886e+06
5.910557470398149453e+06
5.895678949253986590e+06
5.880851980256685987e+06
5.865444053147003986e+06
5.850240192456059158e+06
5.527224919534557499e+06
5.540428885578374378e+06
5.554770133375018835e+06
5.570708821137859486e+06
5.587609917477983981e+06
5.605573749898741022e+06
5.624601571219815873e+06
5.644000833391575143e+06
5.664356268339907750e+06
5.684849231314059347e+06
5.705446529255568981e+06
5.725838235130574554e+06
5.745792749327699654e+06
5.764928132766772062e+06
5.782945567375306040e+06
5.799441521367186680e+06
5.814052448715128936e+06
5.826307317831926048e+06
5.836010699526650831e+06
5.842523566072091460e+06
5.845588983331999741e+06
5.844704379900365137e+06
5.839595098889133893e+06
5.829905366836466826e+06
5.815281716903098859e+06
5.795213451309635304e+06
5.770542130937086418e+06
5.739527850743250921e+06
5.703896426496864296e+06
5.662211235131098889e+06
5.614954621197891422e+06
5.562293346663971432e+06
5.504406305029568262e+06
5.441537672268137336e+06
5.373997165076045319e+06
5.302202704293626361e+06
5.225787289939557202e+06
5.146810149502998218e+06
5.065033724097772501e+06
4.981108436028126627e+06
4.895611050116668455e+06
4.461901380132610910e+06
4.530295799033609219e+06
4.599395781555623747e+06
4.668287705339632928e+06
4.737582588128719479e+06
4.805640919126216322e+06
4.873710450668754987e+06
4.940270186872043647e+06
5.005553299223891459e+06
5.069034384983675554e+06
5.132132330415548757e+06
5.192524742089815438e+06
5.250590114988820627e+06
5.307623902650950477e+06
5.362132608863458969e+06
5.414675794640177861e+06
5.465095483338368125e+06
5.513138835457160138e+06
5.559513567719471641e+06
5.603747285536876880e+06
5.645243658442993648e+06
5.685702837657086551e+06
5.723610163717008196e+06
5.759491449797552079e+06
5.793416426679832861e+06
5.825704921750992537e+06
5.855759944150513969e+06
5.883461112452675588e+06
5.910334874980452470e+06
5.934963520595418289e+06
5.957863634519422427e+06
5.979099291984286159e+06
5.998658702924042940e+06
6.016744984043848701e+06
6.033263035776788369e+06
6.047570307903251611e+06
6.061831989574360661e+06
6.074008428868554533e+06
6.084860074165148661e+06
6.094370920948271640e+06
6.102704922008791007e+06
6.109703400074009784e+06
6.115555707967611961e+06
6.120236453220720403e+06
6.123827210061142221e+06
6.126322969074521214e+06
6.127302638140323572e+06
6.128274535504669882e+06
6.127829833990599029e+06
6.126390491844056174e+06
6.124134883524989709e+06
6.120952394103823230e+06
6.116223975960696116e+06
6.112187071359692141e+06
6.106597472284269519e+06
6.100337739000805654e+06
6.093267672251257114e+06
6.085578532107894309e+06
6.077219123097388074e+06
6.068266254859654233e+06
6.058733485849014483e+06
6.048617944391944446e+06
6.037940174000575207e+06
6.026784512747591361e+06
6.015135877723400481e+06
6.002501549841246568e+06
5.990044510483481921e+06
5.977529477900720201e+06
5.964206241086649708e+06
5.950559085328898393e+06
5.935890347783562727e+06
5.922090389104655012e+06
5.906904847736210562e+06
5.892701574972765520e+06
5.877271909260628745e+06
5.862426659224155359e+06
5.847032205109434202e+06
5.529871786189753562e+06
5.543293751408761367e+06
5.558036687135411426e+06
5.573663037101217546e+06
5.591075692710705101e+06
5.609183646792850457e+06
5.627940626706471667e+06
5.647852027562053874e+06
5.668059029766936786e+06
5.688766940325736068e+06
5.709333801392526366e+06
5.729665110373057425e+06
5.749131046676719561e+06
5.768437762678917497e+06
5.785907768029048108e+06
5.802400359450885095e+06
5.816648882511415519e+06
5.828426509930581786e+06
5.837670384699962102e+06
5.843560795778387226e+06
5.846055043143328279e+06
5.844520288477179594e+06
5.838714052154960111e+06
5.828272875511370599e+06
5.812724030355103314e+06
5.792135833421196789e+06
5.766178235531195998e+06
5.734700592643891461e+06
5.697683962898483500e+06
5.654734056739072315e+06
5.606916625846653245e+06
5.553003660597902723e+06
5.494627585732837208e+06
5.430965275236090645e+06
5.362695287756789476e+06
5.290213744082256220e+06
5.213980764510720968e+06
5.134501380927419290e+06
5.052344935344753787e+06
4.967245535753260367e+06
4.881544056500928476e+06
4.472438209856080823e+06
4.541007196330687962e+06
4.610173979122315533e+06
4.679402777288228273e+06
4.748367248380092904e+06
4.816667339504920878e+06
4.884094731129256077e+06
4.950679357307587750e+06
5.015469821341616102e+06
5.079219971041098237e+06
5.141082822809371166e+06
5.201409704306055792e+06
5.259636914721412584e+06
5.316393011263461784e+06
5.370528190184687264e+06
5.422923752034469508e+06
5.473023573613654822e+06
5.521001138368230313e+06
5.566872451394286938e+06
5.610654598453627899e+06
5.652328988917573355e+06
5.691952107002745382e+06
5.729532141938335262e+06
5.765080134518371895e+06
5.798357273044328205e+06
5.830330973993063904e+06
5.860073918204579502e+06
5.887999302485731430e+06
5.914361665258287452e+06
5.938701896394579671e+06
5.961303961309911683e+06
5.981609000062305480e+06
6.001593953170311637e+06
6.019364006964283064e+06
6.035591088399316184e+06
6.050356856965175830e+06
6.063692318211819045e+06
6.075619324964142404e+06
6.086190551887770183e+06
6.095487783737077378e+06
6.103528099011855200e+06
6.110350101453409530e+06
6.115964649117798544e+06
6.120068570079485886e+06
6.123867010126386769e+06
6.126076242542481050e+06
6.127484818355362862e+06
6.127393521346599795e+06
6.127166449199045077e+06
6.125584399629764259e+06
6.123108778857389465e+06
6.119722374762785621e+06
6.115625600980176590e+06
6.109962856929224916e+06
6.105022337445592508e+06
6.098566776325743645e+06
6.091057636321051046e+06
6.083655955538686365e+06
6.074975480604701675e+06
6.066070794480761513e+06
6.056412164283034392e+06
6.045881578002406284e+06
6.035278218057836406e+06
6.024184789037165232e+06
6.012114523095003329e+06
6.000255182559123263e+06
5.986974204471432604e+06
5.974650264547066763e+06
5.961273767348174006e+06
5.947517311266951263e+06
5.933219547321540304e+06
5.919125929161047563e+06
5.904519014987478964e+06
5.889663406041380018e+06
5.874476390562860295e+06
5.859218960008845665e+06
5.843781023543579504e+06
5.531989908711191267e+06
5.545968226843663491e+06
5.560743350844883360e+06
5.577328007755926810e+06
5.594572591152141802e+06
5.612211145278590731e+06
5.631946140622011386e+06
5.651715285306634381e+06
5.671980854758086614e+06
5.692488858988330700e+06
5.713014052975305356e+06
5.733273218237992376e+06
5.753155785549293272e+06
5.771905040980246849e+06
5.789419786172893830e+06
5.805301775527494960e+06
5.819168249665169045e+06
5.830604415955330245e+06
5.839056881612486206e+06
5.844622753044309095e+06
5.846421025563311763e+06
5.844190482392292470e+06
5.837609773535880260e+06
5.826371120504261926e+06
5.810150116790990345e+06
5.788105108325944282e+06
5.761464004561457783e+06
5.729261375315678306e+06
5.690849068782758899e+06
5.647774231009275652e+06
5.598721760079603642e+06
5.544305788476880640e+06
5.484727414272439666e+06
5.420253322862699628e+06
5.351259651656852104e+06
5.278097762396470644e+06
5.201291694779316895e+06
5.121306656944167800e+06
5.038734905927249230e+06
4.954193755168979056e+06
4.868299540054170415e+06
4.482333268206051551e+06
4.551739015389377251e+06
4.620977797795302235e+06
4.690215923804596998e+06
4.759147628401342779e+06
4.827455270913283341e+06
4.894837745466028340e+06
4.961075568644154817e+06
5.025963026019089855e+06
5.089157030356477015e+06
5.150965097398061305e+06
5.210513416659043171e+06
5.268782359521967359e+06
5.324773375028889626e+06
5.378726186105201021e+06
5.430612216414812021e+06
5.480862834970548749e+06
5.528537056647681631e+06
5.574074928298637271e+06
5.617505131681158207e+06
5.658849636807399802e+06
5.697793082047525793e+06
5.735390693734141067e+06
5.770630244364530779e+06
5.803891566481643356e+06
5.835228095023673028e+06
5.864683434048243798e+06
5.892286374465114437e+06
5.918083919694851153e+06
5.942137024598682299e+06
5.964481038529753685e+06
5.985156827840118669e+06
6.004393106792921200e+06
6.021896518317591399e+06
6.037885623484290205e+06
6.052048362658353522e+06
6.065453393299770541e+06
6.077145301862323657e+06
6.087497997067128308e+06
6.096554179003739730e+06
6.104383574743308127e+06
6.110984433904707432e+06
6.116372757571614347e+06
6.120674118068556301e+06
6.123883209902759641e+06
6.126003561556476168e+06
6.127136702427716926e+06
6.127265716603332199e+06
6.126441344164625742e+06
6.124235719510556199e+06
6.122078710246063769e+06
6.118608855309443548e+06
6.114305765157071874e+06
6.109218213201363571e+06
6.103377722518977709e+06
6.096226820886047557e+06
6.089569910857036710e+06
6.081624212454834022e+06
6.073096847570598125e+06
6.063888856478701346e+06
6.054137504097668454e+06
6.043834063629621640e+06
6.032914951564205810e+06
6.021544873305388726e+06
6.009742162026018836e+06
5.997472064709763974e+06
5.984801252327658236e+06
5.971482397466233000e+06
5.958259830681039020e+06
5.944451243733679876e+06
5.930398617530942895e+06
5.916029574866049923e+06
5.901370695151319727e+06
5.886505167483923025e+06
5.871405082171728835e+06
5.856134132129734382e+06
5.840714398182069883e+06
5.534901940662678331e+06
5.549180158543228172e+06
5.564339174813528545e+06
5.580673924105321988e+06
5.598100727809106000e+06
5.616349222515207715e+06
5.635317903888368048e+06
5.655305993434512056e+06
5.675893823750419542e+06
5.696406733512955718e+06
5.716883044971809722e+06
5.737064354828028940e+06
5.756585949507120997e+06
5.774922883267393336e+06
5.792439145890118554e+06
5.808146558322212659e+06
5.821611705809061415e+06
5.832609861702923663e+06
5.840169919507737271e+06
5.845391465514489450e+06
5.846661404672980309e+06
5.843716215405311435e+06
5.836259735987065360e+06
5.824342218063047156e+06
5.807282536680877209e+06
5.784981326278801076e+06
5.757286890365547501e+06
5.723991774136316963e+06
5.685208600380828604e+06
5.640279825716959313e+06
5.590370905186841264e+06
5.534866189551008865e+06
5.474682621002353728e+06
5.408906603714196943e+06
5.339691463451830670e+06
5.265897261813696474e+06
5.188331559058504179e+06
5.108057422646498308e+06
5.024792633120429702e+06
4.940239835403717123e+06
4.853917230892977677e+06
4.492945804507601075e+06
4.561833576497698203e+06
4.631090280254209414e+06
4.700350311188833788e+06
4.769918543903790414e+06
4.838120170037752949e+06
4.905377186437278986e+06
4.971436558660047129e+06
5.036118947362184525e+06
5.098833331120898016e+06
5.160629139194508083e+06
5.220207088875697926e+06
5.277875030092908069e+06
5.333556046549188904e+06
5.386779650283728726e+06
5.438748567733404227e+06
5.488197513763393275e+06
5.535524034169734456e+06
5.580772684087171219e+06
5.623387327078206465e+06
5.665326009857880883e+06
5.703639066633333452e+06
5.741182261738834903e+06
5.775651922501430847e+06
5.809057298265147954e+06
5.839737964450719766e+06
5.869196054239892401e+06
5.896356033926630393e+06
5.921797964428125881e+06
5.945762411034468561e+06
5.967812089690328576e+06
5.988238379330452532e+06
6.007014786257140338e+06
6.024241788743106648e+06
6.039978382581248879e+06
6.054391205704820342e+06
6.067208120102285407e+06
6.078680687713115476e+06
6.088785840645194985e+06
6.097619886712595820e+06
6.105212363386895508e+06
6.111567092391384766e+06
6.116799492694075219e+06
6.120851981348654255e+06
6.123864427023828961e+06
6.125374148198911920e+06
6.126752950237592682e+06
6.126696055346539244e+06
6.125727677185710520e+06
6.123802566366096959e+06
6.121005619219408371e+06
6.117389643466778100e+06
6.112548506988029927e+06
6.107705618738035671e+06
6.101715773040565662e+06
6.094955359263497405e+06
6.087639947461378761e+06
6.079184623684799299e+06
6.070925144510380924e+06
6.061642592859292403e+06
6.051815137423456647e+06
6.041391166998870671e+06
6.030425554238770157e+06
6.019034111677902751e+06
6.007154406459452584e+06
5.994699764256018214e+06
5.981939317501869984e+06
5.968812673542307690e+06
5.955316606813476421e+06
5.941473493338212371e+06
5.927328633813155815e+06
5.912915450257016346e+06
5.898221899836322293e+06
5.882829720169841312e+06
5.867586550930109806e+06
5.852920120414341800e+06
5.837485535562077537e+06
5.537587714747162536e+06
5.552014510810522363e+06
5.566828689920183271e+06
5.584071595199216157e+06
5.601659929584881291e+06
5.620202385443195701e+06
5.639518975882117637e+06
5.658818954365150072e+06
5.679797973308710381e+06
5.700317540216140449e+06
5.720747516289869323e+06
5.740337741542185657e+06
5.760204530598352663e+06
5.778564568207009695e+06
5.795549735617455095e+06
5.810386947397331707e+06
5.823883196107340977e+06
5.834418999328881502e+06
5.841510940254157409e+06
5.846321264015274122e+06
5.846777355663742870e+06
5.843153454262418672e+06
5.834994713834507391e+06
5.822187446508809924e+06
5.804270204343209974e+06
5.781088309227814898e+06
5.752461931039268151e+06
5.718290981049332768e+06
5.678550853669664823e+06
5.633235597051152959e+06
5.582360839555783197e+06
5.526311253978645429e+06
5.465132165919716470e+06
5.398481896982145496e+06
5.327843006121431477e+06
5.253592288914961740e+06
5.175315838915677741e+06
5.094718540358486585e+06
5.011374133193692192e+06
4.925941429033329710e+06
4.840012483185335062e+06
4.502673643995080143e+06
4.571905494789138436e+06
4.641220986147916876e+06
4.710478538830338046e+06
4.779320976121229120e+06
4.847430108420702629e+06
4.914566499268840998e+06
4.980289541632466950e+06
5.045600816736136563e+06
5.108216543806798756e+06
5.169650611238521524e+06
5.228497860382790677e+06
5.286069884766318835e+06
5.341736155618937686e+06
5.394681169548835605e+06
5.446320897445296869e+06
5.495468105001175776e+06
5.542485923961943947e+06
5.587402266476309858e+06
5.630214653499060310e+06
5.670939878397804685e+06
5.709609188541905954e+06
5.745892708696863614e+06
5.781192794014176354e+06
5.813842382600882091e+06
5.844573022438376211e+06
5.873412295580169186e+06
5.899821013749626465e+06
5.925622471176673658e+06
5.948734221271172166e+06
5.970897530911799520e+06
5.991028586907293648e+06
6.009560647055779584e+06
6.026561479567809962e+06
6.042054602708747610e+06
6.056057784023619257e+06
6.068670415579085238e+06
6.079891362459894270e+06
6.089904467022802681e+06
6.098193865243955515e+06
6.105917247014057823e+06
6.112062162083087489e+06
6.117074029161417857e+06
6.120993762418733910e+06
6.123683184259783477e+06
6.125575445050468668e+06
6.126307026379033923e+06
6.126125170029249974e+06
6.124944987903637812e+06
6.122355021842840128e+06
6.119964409626503475e+06
6.116140918559459969e+06
6.111635867902394384e+06
6.106233840425804257e+06
6.100123193226816133e+06
6.093289345838685520e+06
6.085814100510629825e+06
6.077629396083720028e+06
6.068865042996154167e+06
6.059460066159163602e+06
6.049504403029656038e+06
6.038538473899963312e+06
6.027513465694122016e+06
6.016521216426375322e+06
6.004468699300299399e+06
5.992147054375575855e+06
5.979347141026991419e+06
5.966155248874596320e+06
5.952472501588447019e+06
5.938580600894384086e+06
5.924397016327749006e+06
5.909918011471666396e+06
5.895233606980188750e+06
5.880286315388879739e+06
5.865146587529940531e+06
5.849424995259578340e+06
5.833886006484648213e+06
5.540027788792553358e+06
5.554756202533808537e+06
5.570284659347075038e+06
5.586951315726222470e+06
5.604189471521898173e+06
5.623333815149035305e+06
5.642948322868865915e+06
5.662937689340382814e+06
5.683297778600485995e+06
5.703800687632011250e+06
5.723533484279613942e+06
5.744161601112850010e+06
5.763379913310065866e+06
5.781558110481480137e+06
5.798288937210909091e+06
5.813228843151149340e+06
5.825952767636967823e+06
5.835608553009284660e+06
5.843217307811952196e+06
5.846922220842611045e+06
5.846869443060933612e+06
5.842579545324984938e+06
5.833591892451861873e+06
5.820116795634934679e+06
5.801528422191972844e+06
5.777560933601128869e+06
5.748143636494337581e+06
5.713174717992925085e+06
5.672601394911897369e+06
5.626469901715363376e+06
5.574294073106106371e+06
5.518030585471512750e+06
5.456124083630795591e+06
5.389329246362983249e+06
5.318464966525721364e+06
5.243505146359369159e+06
5.165109229382264428e+06
5.082967248355960473e+06
4.999313195137761533e+06
4.913963165341779590e+06
4.827576877704830840e+06
4.512778407184467651e+06
4.581992770047881640e+06
4.651365353760053404e+06
4.720353591797431000e+06
4.789189738120440394e+06
4.857036037931038998e+06
4.924370747914247215e+06
4.990128610871378332e+06
5.054424124791424721e+06
5.117092039222117513e+06
5.178016246660800651e+06
5.237671178989666514e+06
5.294777339603911154e+06
5.349877538336474448e+06
5.402919925902820192e+06
5.453867836475704797e+06
5.502697218449768610e+06
5.549418721861770377e+06
5.594017838840493001e+06
5.636502188947452232e+06
5.676931449986536056e+06
5.715253656573038548e+06
5.751585317312569357e+06
5.785917131283480674e+06
5.818268316219318658e+06
5.848722340912637301e+06
5.877546584859900177e+06
5.904294397609131411e+06
5.929200897557895631e+06
5.952436051002805121e+06
5.973272135371169075e+06
5.993482367129784077e+06
6.012116880525964312e+06
6.028812203605618328e+06
6.044070731384678744e+06
6.057830897719623521e+06
6.070245067923159339e+06
6.080953904186726548e+06
6.090909349623136222e+06
6.099350632759602740e+06
6.106501256155602634e+06
6.112560331844360568e+06
6.117373352767632343e+06
6.121088437697567977e+06
6.123713019685389474e+06
6.125307462159262039e+06
6.125652537607743405e+06
6.125511151684928685e+06
6.124191715994573198e+06
6.121978566299397498e+06
6.118865456183065660e+06
6.114791221427084878e+06
6.110269713806893677e+06
6.104309558475736529e+06
6.098549240645692684e+06
6.091615614756419323e+06
6.083911525674862787e+06
6.075678956137659028e+06
6.066567531174951233e+06
6.057274644493743777e+06
6.047213559496717528e+06
6.036660850175758824e+06
6.025543493717656471e+06
6.013972810883296654e+06
6.001923295139874332e+06
5.989470333558943123e+06
5.976597033352498896e+06
5.963348036075077951e+06
5.949754018721885979e+06
5.935796649342230521e+06
5.921589129030137323e+06
5.906648028525419533e+06
5.891992453488073312e+06
5.877241335347470827e+06
5.862097288125111721e+06
5.846787365786116570e+06
5.831329663052815944e+06
5.542948772493489087e+06
5.557356500780921429e+06
5.573379276715599932e+06
5.590215909095439129e+06
5.607541815656051040e+06
5.626866281005797908e+06
5.646231602566477843e+06
5.666029522493858822e+06
5.686805793669592589e+06
5.707511079008568078e+06
5.727813046686052345e+06
5.747070786806043237e+06
5.766744913375668228e+06
5.784692059249701910e+06
5.801170175500482321e+06
5.815764320348124951e+06
5.828101349974032491e+06
5.837619309679183178e+06
5.844376764791635796e+06
5.847509849580696784e+06
5.846800468602444045e+06
5.841891394505792297e+06
5.832411222701866180e+06
5.817586161705362611e+06
5.798663976934046485e+06
5.773640060896837153e+06
5.743371396558981389e+06
5.707092935821395367e+06
5.666088541844419204e+06
5.619117007069223560e+06
5.566096198651482351e+06
5.509022916801743209e+06
5.446280325892056338e+06
5.378696644332712516e+06
5.307194722934798338e+06
5.231799049609736539e+06
5.152885324104460888e+06
5.071168676785046235e+06
4.987194954801524989e+06
4.901629044324856251e+06
4.454276891220780089e+06
4.522880004854591563e+06
4.592102056246346794e+06
4.661507353488388471e+06
4.730735348825091496e+06
4.799454271809724160e+06
4.867112504319821484e+06
4.934217359252126887e+06
4.999773667701536790e+06
5.063852634987430647e+06
5.126266604510719888e+06
5.186970883233953267e+06
5.245777722869676538e+06
5.302619279542270117e+06
5.357432463155671023e+06
5.410729104400770739e+06
5.460916356727832928e+06
5.509880609563253820e+06
5.556290450788290240e+06
5.600379465146061033e+06
5.642729556596320122e+06
5.682850651215564460e+06
5.720880332363706082e+06
5.756879436005894095e+06
5.790458166022683494e+06
5.822951528314495459e+06
5.853113628236536868e+06
5.881376144213073887e+06
5.907843940933424048e+06
5.932523623732822016e+06
5.955683084485243075e+06
5.976520320085419342e+06
5.995938107960473746e+06
6.014553790237384848e+06
6.030335196155290119e+06
6.046027407165802084e+06
6.059600705496265553e+06
6.071738881615030579e+06
6.082499842916033231e+06
6.091972680151819251e+06
6.100181899084122851e+06
6.107174913810638711e+06
6.112925533890312538e+06
6.117564026535697281e+06
6.121092034910061397e+06
6.123582914308834821e+06
6.124997943007308990e+06
6.125402352251540869e+06
6.124859762615974061e+06
6.123380860097508878e+06
6.121016893149444833e+06
6.117761871857429855e+06
6.113735414291627705e+06
6.108860831279640086e+06
6.103227644727756269e+06
6.096906140022397041e+06
6.089294443886110559e+06
6.082127048984653316e+06
6.073592484880975448e+06
6.064764283276348375e+06
6.055050730416527018e+06
6.044907275483985431e+06
6.034262653831394389e+06
6.023081800116078928e+06
6.011394601636024192e+06
5.999290961041695438e+06
5.986765997118550353e+06
5.973838494721441530e+06
5.960514227311450988e+06
5.946858507094443776e+06
5.932886752810131758e+06
5.918637578491250984e+06
5.903625975194989704e+06
5.888634141546900384e+06
5.874381816953438334e+06
5.858384987735195085e+06
5.843731469971190207e+06
5.532504910591492429e+06
5.545910272270901129e+06
5.560608281865255907e+06
5.576492097835729830e+06
5.593498437538329512e+06
5.611017892675413750e+06
5.630417193170912564e+06
5.650013831995707937e+06
5.670122685495849699e+06
5.690510914507081732e+06
5.710975745869315229e+06
5.731232735187443905e+06
5.750983711708418094e+06
5.769894038016890176e+06
5.787793394747716375e+06
5.803973720115533099e+06
5.818226735617859289e+06
5.830156479575108737e+06
5.839360487123994157e+06
5.845428428976943716e+06
5.847942605355807580e+06
5.846202580741367303e+06
5.841050463400721550e+06
5.830313748238392174e+06
5.815720270770601928e+06
5.795486031252233312e+06
5.769895419574125670e+06
5.738467904477304779e+06
5.702155738809288479e+06
5.659454652287959121e+06
5.611622255993405357e+06
5.558157810921282507e+06
5.499907480444003828e+06
5.436471294468216598e+06
5.368294828556461260e+06
5.296060069431047887e+06
5.220003350535588339e+06
5.140615424819909036e+06
5.058473403016841970e+06
4.974197783217647113e+06
4.888301828459709883e+06
4.463246924438014627e+06
4.532225261440880597e+06
4.601523289295223542e+06
4.671642091522641480e+06
4.740867652186975814e+06
4.809102254312189296e+06
4.877070721203655936e+06
4.944007268742917106e+06
5.009385257864279673e+06
5.073240706426210701e+06
5.135452740331927314e+06
5.195876292555325665e+06
5.254411804685960524e+06
5.310669243924221024e+06
5.365508202284567989e+06
5.417969562308670953e+06
5.468312135526255704e+06
5.516535654928653501e+06
5.562495708037613891e+06
5.607074954265609384e+06
5.648924261459762231e+06
5.688373303486917168e+06
5.726420460105963051e+06
5.762145571443304420e+06
5.795845427237824537e+06
5.827594006102050655e+06
5.857460051947648637e+06
5.885463743197157979e+06
5.911604555088230409e+06
5.936013930513751693e+06
5.958682600737247616e+06
5.979688287109709345e+06
5.999035349526790902e+06
6.017001119288641028e+06
6.033239742579354905e+06
6.047969959164437838e+06
6.061278424897535704e+06
6.073198903612199239e+06
6.083752053832667880e+06
6.092294707483690232e+06
6.100982949966844171e+06
6.107744567321766168e+06
6.113345148544542491e+06
6.117779822376296856e+06
6.120960251041005366e+06
6.123369903933272697e+06
6.124653063068713062e+06
6.124875996502796188e+06
6.124176308478503488e+06
6.122518028943833895e+06
6.120029631661434658e+06
6.116613565313114785e+06
6.112434631362641230e+06
6.106698415965153836e+06
6.101689153926073574e+06
6.095234780382297002e+06
6.088060077485565096e+06
6.080198124278322794e+06
6.071705600672323257e+06
6.062618518662225455e+06
6.052954167252016254e+06
6.042711165325674228e+06
6.031952509005364031e+06
6.020574720496268012e+06
6.008831423164659180e+06
5.996655090623113327e+06
5.984039675112300552e+06
5.971040018604848534e+06
5.957695706431579776e+06
5.943995702271353453e+06
5.929708105629480444e+06
5.915680856692028232e+06
5.901128941504301503e+06
5.886315671726615168e+06
5.870691541976267472e+06
5.856156311928716488e+06
5.840101399921304546e+06
5.534809192398852669e+06
5.548384308176427148e+06
5.563422443028025329e+06
5.579485696748384275e+06
5.596653300076255575e+06
5.614804710253109224e+06
5.633154990702213719e+06
5.653205690161996521e+06
5.673610793235486373e+06
5.694020495332847349e+06
5.714451048333494924e+06
5.734618960875870660e+06
5.754250891444650479e+06
5.772554869393234141e+06
5.790519320210031234e+06
5.806434582351321355e+06
5.820120012690370902e+06
5.832032627151823603e+06
5.840816943410285749e+06
5.846374820052278228e+06
5.848396955929588526e+06
5.846431334059958346e+06
5.840177162863028236e+06
5.829264789915753528e+06
5.813417833002645522e+06
5.792393578089166433e+06
5.766008285827311687e+06
5.734105006676322781e+06
5.696658913666787557e+06
5.652985493978526443e+06
5.604648312752846628e+06
5.551048930943587795e+06
5.491265774741068482e+06
5.427161123719509691e+06
5.358220336356923915e+06
5.285187059502417222e+06
5.208629229532964528e+06
5.128874963663530536e+06
5.046304352068477310e+06
4.962011514370642602e+06
4.876033977311187424e+06
4.472671636891415343e+06
4.541585201775199734e+06
4.610653486168557778e+06
4.680418323729020543e+06
4.749604412494848482e+06
4.818200725966493599e+06
4.886528274240389466e+06
4.952877881039614789e+06
5.018319286101122387e+06
5.081978855253099464e+06
5.143971791585240513e+06
5.204164618156018667e+06
5.262428503682835028e+06
5.318721955495488830e+06
5.372820594242764637e+06
5.425166442052483559e+06
5.475231345744496211e+06
5.523170040619682521e+06
5.568974741228737868e+06
5.612665861584774218e+06
5.654258128609569743e+06
5.694106146705582738e+06
5.731597623520495370e+06
5.766985671089775860e+06
5.800423605982377194e+06
5.831855793763138354e+06
5.861468759037449025e+06
5.889181012738684192e+06
5.915076925260314718e+06
5.939219405727197416e+06
5.961647286029985175e+06
5.982406314164062031e+06
6.001508608048912138e+06
6.019052683865914121e+06
6.035053539030428044e+06
6.049610713153813966e+06
6.062280160908688791e+06
6.074540641905995086e+06
6.084575064593185671e+06
6.093899293354561552e+06
6.101306168242538348e+06
6.108291850571404211e+06
6.113679159005406313e+06
6.117932711147771217e+06
6.120406251352518797e+06
6.123179258000993170e+06
6.124258665697044693e+06
6.124369547218695283e+06
6.123485032666930929e+06
6.121296897349189036e+06
6.119054512882934883e+06
6.115491340774587356e+06
6.110572072534834035e+06
6.106075700869183987e+06
6.100194506430557929e+06
6.093584146648321301e+06
6.086293899084329605e+06
6.078353944519692101e+06
6.069267732142433524e+06
6.060551135332242586e+06
6.050780650538191199e+06
6.040459544965524226e+06
6.029567425860804506e+06
6.018305153276500292e+06
6.006069882871067151e+06
5.994268902308628894e+06
5.981499328420586884e+06
5.968430264682025649e+06
5.955016400476721115e+06
5.941256250224596821e+06
5.927197829433663748e+06
5.912875538852654397e+06
5.898279077535910532e+06
5.883456682543360628e+06
5.868446284356074408e+06
5.853243586228200234e+06
5.837901990822589025e+06
5.537290384469034150e+06
5.551062505817746744e+06
5.566107985909697600e+06
5.582321472900221124e+06
5.599641742662104778e+06
5.618088364333990030e+06
5.636976141118786298e+06
5.656907316213380545e+06
5.677106528939852491e+06
5.697516525386821479e+06
5.717776106050818227e+06
5.737995423449674621e+06
5.757009713756321929e+06
5.776059646348372102e+06
5.793347097334808670e+06
5.808999133246671408e+06
5.822069605421568267e+06
5.833778023920850828e+06
5.842114381718798541e+06
5.846835401969810948e+06
5.848673606018261053e+06
5.846107148080834188e+06
5.839192287727902643e+06
5.827559899132710882e+06
5.810354390328079462e+06
5.789208393938456662e+06
5.761733805708090775e+06
5.729307986260248348e+06
5.691031347158571705e+06
5.647170503279889002e+06
5.597790647218187340e+06
5.543075068890473805e+06
5.483173451258644462e+06
5.418400250370564871e+06
5.349086224958842620e+06
5.274505393991844729e+06
5.197762729962078854e+06
5.117484574255870655e+06
5.034617664969149977e+06
4.949756190563390963e+06
4.863647398712744936e+06
4.481255818825847469e+06
4.550089018325905316e+06
4.619713251833352260e+06
4.689188439958262257e+06
4.758354096451185644e+06
4.826874099501957186e+06
4.894456397091235965e+06
4.960778673336876556e+06
5.025942012289105915e+06
5.089955588802016340e+06
5.151630493504960090e+06
5.211802037492049858e+06
5.269860310043598525e+06
5.325907180167630315e+06
5.379892522444199771e+06
5.431813254592906684e+06
5.481608716204236262e+06
5.529275979424112476e+06
5.574819783074813895e+06
5.618242266101090237e+06
5.659537151891516522e+06
5.698549528231931850e+06
5.735984595554281026e+06
5.771121482464795932e+06
5.804629729138975963e+06
5.835531153307135217e+06
5.865155609332497232e+06
5.892621023241709918e+06
5.918277471554811113e+06
5.942196604871804826e+06
5.964343462630570866e+06
5.984852690278787166e+06
6.003746001367745921e+06
6.020957657451272011e+06
6.036857905391281471e+06
6.051205534408554435e+06
6.063377334516820498e+06
6.075586960545043461e+06
6.085746553546545096e+06
6.094706165445950814e+06
6.102309039412478916e+06
6.108669549746531062e+06
6.113916827154595405e+06
6.118008432946264744e+06
6.121004304148807190e+06
6.122926354121921584e+06
6.123844987491079606e+06
6.123785262416194193e+06
6.122675041804022156e+06
6.120853860294901766e+06
6.118095269098712131e+06
6.114441299296837300e+06
6.109965433938037604e+06
6.104769198700523935e+06
6.098715275912311859e+06
6.092028150369941257e+06
6.084631774642818607e+06
6.076360105067866854e+06
6.067863621725806035e+06
6.058160264120453969e+06
6.048725823846048675e+06
6.038345847674114630e+06
6.027413754542849027e+06
6.016009163231478073e+06
6.004153483082468621e+06
5.991851520418734290e+06
5.979132031743742526e+06
5.966008353727329522e+06
5.952553942222828977e+06
5.938789806620974094e+06
5.924564496416140348e+06
5.910204015611716546e+06
5.895569301402169280e+06
5.880740384918003343e+06
5.865719593047001399e+06
5.850501696125878952e+06
5.835170490351035260e+06
5.539508552740943618e+06
5.553461888784335926e+06
5.568112414205358364e+06
5.585024050889666192e+06
5.601897977898493409e+06
5.620816489621277899e+06
5.639977029117474332e+06
5.659775116896864027e+06
5.680194576540982351e+06
5.700354073570978828e+06
5.720736004699148238e+06
5.740980006982688792e+06
5.760348533142527565e+06
5.778767663885140792e+06
5.795849511661861092e+06
5.811219702406109311e+06
5.824521083562755026e+06
5.834791531796619296e+06
5.843011251510450616e+06
5.847954094897511415e+06
5.848935527196599171e+06
5.845877135071707889e+06
5.838398527783983387e+06
5.825524815839583054e+06
5.808858496814693324e+06
5.785813724695938639e+06
5.758515322334416211e+06
5.725127431596404873e+06
5.686145146760049276e+06
5.641509792604854330e+06
5.590913481560335495e+06
5.536119771205808036e+06
5.475613757745326497e+06
5.410061185442402028e+06
5.340379063299833797e+06
5.266142681847330183e+06
5.188906287224448286e+06
5.108288387390963733e+06
5.024300437536589801e+06
4.939253021699658595e+06
4.852960467567622662e+06
4.488915947073142044e+06
4.558271591078881174e+06
4.627785021680672653e+06
4.697274500085941516e+06
4.766403043882383965e+06
4.834522312599213794e+06
4.902140102531946264e+06
4.968568366090782918e+06
5.033550739050213248e+06
5.096883428997808136e+06
5.158485740140179172e+06
5.218260774696012028e+06
5.276188025780548342e+06
5.332485489679527469e+06
5.386234615220446140e+06
5.437877418302012607e+06
5.487305539829176851e+06
5.534878726943936199e+06
5.580183454016677104e+06
5.623061778704722412e+06
5.664393101563369855e+06
5.703381576819485053e+06
5.740331563916088082e+06
5.775245545502521098e+06
5.807584968755347654e+06
5.839173222772401758e+06
5.867860233453524299e+06
5.895753187193687074e+06
5.921214217512912117e+06
5.944181346844702959e+06
5.966819437956102192e+06
5.987033320539806038e+06
6.005323166823220439e+06
6.022880623684231192e+06
6.038092398516612127e+06
6.052605960594442673e+06
6.065291787610452622e+06
6.076646907133068889e+06
6.086620921106091700e+06
6.095281836783825420e+06
6.102630888893788680e+06
6.108969941617425531e+06
6.114014605998196639e+06
6.117517075276903808e+06
6.120855266778853722e+06
6.122628972796631977e+06
6.123425719488508999e+06
6.123179225517671555e+06
6.122097438495907933e+06
6.120011406983941793e+06
6.117112009927688166e+06
6.113348489126774482e+06
6.108793422013801523e+06
6.103458045416689478e+06
6.097338034164622426e+06
6.090543785454800352e+06
6.083077623099008575e+06
6.074923723451499827e+06
6.065858183780082501e+06
6.056705696658717468e+06
6.046714756861809641e+06
6.036293094500814565e+06
6.025292538975830190e+06
6.013831200664207339e+06
6.001889677606970072e+06
5.989548517768721096e+06
5.976795270177694038e+06
5.963641444503617473e+06
5.950122482600465417e+06
5.936330711676790379e+06
5.922202701454110444e+06
5.907806311910474673e+06
5.893162808930640109e+06
5.878177408807665110e+06
5.863111159729017876e+06
5.847458688122406602e+06
5.832576176058180630e+06
5.541327541222357191e+06
5.555743820562497713e+06
5.570924285536406562e+06
5.587730720705533400e+06
5.605275824133481830e+06
5.623493771323549561e+06
5.642999629734285176e+06
5.662826412809352390e+06
5.682435481828576885e+06
5.703483502847631462e+06
5.723775998245668598e+06
5.743927466305467300e+06
5.763174315423671156e+06
5.781417893221600913e+06
5.798172015274906531e+06
5.813412482043107972e+06
5.826411152573065832e+06
5.836878877331713215e+06
5.844420934588753618e+06
5.848607656468723901e+06
5.849107826455553994e+06
5.845500276169677265e+06
5.837183956325914711e+06
5.824643310485702008e+06
5.806831950156491250e+06
5.783121806061672978e+06
5.754281732431545854e+06
5.720834767406814732e+06
5.681150523576169275e+06
5.635280129566106945e+06
5.585168961594798602e+06
5.529114573808346875e+06
5.467608484348820522e+06
5.401699188829169609e+06
5.331604675308872946e+06
5.257199056285863742e+06
5.179218577017121948e+06
5.098234975175014697e+06
5.014809171533602290e+06
4.929553610246298835e+06
4.843143966809682548e+06
4.497068270404117182e+06
4.565986330434563570e+06
4.635539728016864508e+06
4.705001468417298049e+06
4.774453921423183754e+06
4.842831337838412262e+06
4.910222643187437207e+06
4.976241721587915905e+06
5.041142901459187269e+06
5.104297381725496612e+06
5.165699656276944093e+06
5.225262815220545046e+06
5.282890410157877952e+06
5.338511166945859790e+06
5.392050437396278605e+06
5.443625605794033967e+06
5.493304258969657123e+06
5.540199825254373252e+06
5.585507655097617768e+06
5.628406601814669557e+06
5.669221570743834600e+06
5.707951688433393836e+06
5.744636165916232392e+06
5.779286246002654545e+06
5.811981193763370626e+06
5.842763133733641356e+06
5.871131189837141894e+06
5.898616162311648019e+06
5.923767122364099137e+06
5.947285417304763570e+06
5.969032065053300932e+06
5.989315550595054403e+06
6.007780134826650843e+06
6.024175924842731096e+06
6.040066763140870258e+06
6.053286492874667048e+06
6.066533589841981418e+06
6.077629908283864148e+06
6.087428519704413600e+06
6.095727811465600505e+06
6.103228480141423643e+06
6.109264776720045134e+06
6.114206556178539060e+06
6.117971514886816032e+06
6.120674769192068838e+06
6.122297017907459289e+06
6.122965447285594419e+06
6.122643158951030113e+06
6.121330425271668471e+06
6.118495268071902916e+06
6.116116204622039571e+06
6.112261696745693684e+06
6.107556295611106791e+06
6.102100947309593670e+06
6.095933802340744995e+06
6.089031237046730705e+06
6.081439371928945184e+06
6.073184268944259733e+06
6.064357460178483278e+06
6.054488977020707913e+06
6.044914822315719910e+06
6.034251913694567978e+06
6.023198475224963389e+06
6.011656158184622414e+06
5.999643756260925904e+06
5.987239544629016891e+06
5.974429207779641263e+06
5.960856081930749118e+06
5.947688990482608788e+06
5.933705245527645573e+06
5.919702468729218468e+06
5.905286823281531222e+06
5.890619455004531890e+06
5.875744052899156697e+06
5.860693403230816126e+06
5.844760262734319083e+06
5.829594722186302766e+06
5.544043890317351557e+06
5.558112326555953361e+06
5.573824575949993916e+06
5.590336810831409879e+06
5.607685104815871455e+06
5.626689148462492041e+06
5.646026389371966943e+06
5.665284596236441284e+06
5.686155971045901999e+06
5.706555128108808771e+06
5.726210550666606985e+06
5.746657425741573796e+06
5.765791137769693509e+06
5.783890894775255583e+06
5.800712710260082036e+06
5.815578062932904810e+06
5.828251925283825956e+06
5.838347627784746699e+06
5.845471895020291209e+06
5.849223984369921498e+06
5.849193525793498382e+06
5.845041054480623454e+06
5.836414275563121773e+06
5.822724565313046798e+06
5.804522996346504427e+06
5.780764964101511985e+06
5.751593844090045430e+06
5.716847980122917332e+06
5.676524000186767429e+06
5.630132541667072102e+06
5.578718268922406249e+06
5.522010938406802714e+06
5.460254611845683306e+06
5.393491025273120962e+06
5.322468189325247891e+06
5.247708318726252764e+06
5.169489705740164034e+06
5.088144019808124751e+06
5.004399959674689919e+06
4.918970095234227367e+06
4.832140024716623127e+06
4.505011339993738569e+06
4.574327394430854358e+06
4.643930596545842476e+06
4.713824741886071861e+06
4.783098930053458549e+06
4.851423958473814651e+06
4.918751289392066188e+06
4.984773214349530637e+06
5.049348922508893535e+06
5.111985703093939461e+06
5.173502616365708411e+06
5.232842189477455802e+06
5.289973157401556149e+06
5.345263596208553761e+06
5.398879035433186218e+06
5.450057694140269421e+06
5.498960131038092077e+06
5.546022457556217909e+06
5.590708630244325846e+06
