2.541917605642409530e+06 -1.308521506227239035e+07 -2.238517842263216153e+06 1.483229930365996668e+06 -4.892362347758702934e+06 4.551965157713720575e+06
2.794942017583774403e+06 -1.304840385512313619e+07 -2.469483044521186966e+06 1.795537114844163647e+06 -4.609552523374043405e+06 4.730579400097776204e+06
3.046361519517702982e+06 -1.300409964123487845e+07 -2.699029917402677704e+06 2.099828341818404850e+06 -4.306164143122801557e+06 4.888015030808944255e+06
3.296052914668343961e+06 -1.295241828050720692e+07 -2.927045349411439151e+06 2.394745705399298575e+06 -3.983552800961384550e+06 5.023568522049869411e+06
3.543897373119149823e+06 -1.289347876066481508e+07 -3.153420193456262816e+06 2.678973037429649383e+06 -3.643159284786180127e+06 5.136633818570833653e+06
3.789780416039306205e+06 -1.282740289890639298e+07 -3.378049254332220182e+06 2.951241650542940013e+06 -3.286503206458871253e+06 5.226704940084453672e+06
4.033592052581076976e+06 -1.275431500252469629e+07 -3.600831415665268898e+06 3.210336039182840846e+06 -2.915176060543819796e+06 5.293378193724743091e+06
4.275226092153059319e+06 -1.267434179231890291e+07 -3.821669013267054688e+06 3.455098495512805413e+06 -2.530835251544975210e+06 5.336353754878688604e+06
4.514581081836566329e+06 -1.258761184208374470e+07 -4.040468693429782055e+06 3.684435207452847157e+06 -2.135195355003742967e+06 5.355437244007024914e+06
4.751559599650683813e+06 -1.249425551495115086e+07 -4.257140768855351955e+06 3.897320343705574516e+06 -1.730021623674961273e+06 5.350540401279355399e+06
4.986068360511954874e+06 -1.239440467300504446e+07 -4.471599317077954300e+06 4.092800740615497343e+06 -1.317122050646633375e+06 5.321681567324102856e+06
5.218018151804131456e+06 -1.228819244501559995e+07 -4.683762123143152334e+06 4.270000113604695536e+06 -8.983394920673260931e+05 5.268985668291619979e+06
5.447323763452570885e+06 -1.217575300562300719e+07 -4.893550617205182090e+06 4.428122955841174349e+06 -4.755436323467578040e+05 5.192683756613991223e+06
5.673903913167304359e+06 -1.205722136591560394e+07 -5.100889807644316927e+06 4.566458108804509975e+06 -5.062281946245789732e+04 5.093112106882451102e+06
5.897681167493412271e+06 -1.193273317528954335e+07 -5.305708210290497169e+06 4.684381989627892151e+06 3.745242011900374782e+05 4.970710866982135922e+06
6.118581859264198691e+06 -1.180242453443392366e+07 -5.507937774293720722e+06 4.781361460353842936e+06 7.979966250405772589e+05 4.826022265468781814e+06
6.336536002020831220e+06 -1.166643181924213096e+07 -5.707513805159577169e+06 4.856956324536613189e+06 1.217899968166806502e+06 4.659688377197334543e+06
6.551477201920353808e+06 -1.152489151541818678e+07 -5.904374885430308059e+06 4.910821437037993222e+06 1.632354456910738721e+06 4.472448450445991009e+06
6.763342708660398610e+06 -1.137793996318292432e+07 -6.098462922668076120e+06 4.942708427400110289e+06 2.039503664280514233e+06 4.265135654714393429e+06
6.972072757606504485e+06 -1.122571361024181545e+07 -6.289722548019328155e+06 4.952466925265408121e+06 2.437521730879660230e+06 4.038674116394351237e+06
7.177611329458097927e+06 -1.106834828540964611e+07 -6.478101813343971968e+06 4.940045559976546094e+06 2.824623219166264869e+06 3.794074130878369790e+06
7.379905486332356930e+06 -1.090597946373250335e+07 -6.663551584186856635e+06 4.905492295751948841e+06 3.199070098134593572e+06 3.532428344760137144e+06
7.578905420940919779e+06 -1.073874205339425430e+07 -6.846025585906546563e+06 4.848954451553540304e+06 3.559179932384655345e+06 3.254906867321808822e+06
7.774564362602811307e+06 -1.056677028816455975e+07 -7.025480318614139222e+06 4.770678240598616190e+06 3.903333586502710357e+06 2.962752135159624740e+06
7.966838483491688035e+06 -1.039019762829429843e+07 -7.201874972270647064e+06 4.671007853394883685e+06 4.229982680477053858e+06 2.657273416193502955e+06
8.155686805388703011e+06 -1.020915666949369945e+07 -7.375171342197188176e+06 4.550384081873131916e+06 4.537656755996306427e+06 2.339840974573814310e+06
8.341071107179806568e+06 -1.002377905963349901e+07 -7.545333745214421302e+06 4.409342484924084507e+06 4.824970113659662195e+06 2.011879920947027160e+06
8.522955833316298202e+06 -9.834195422804472968e+06 -7.712328936615409330e+06 4.248511098603657447e+06 5.090628281804434024e+06 1.674863775429579895e+06
8.701308003428066149e+06 -9.640535290379356593e+06 -7.876126028146192431e+06 4.068607697409260087e+06 5.333434078812861815e+06 1.330307773439543322e+06
8.876097239268932492e+06 -9.442926904916064814e+06 -8.036696513735938817e+06 3.870436477464176714e+06 5.552293370952010155e+06 9.797617104173246771e+05
9.047295210692208260e+06 -9.241497696852456778e+06 -8.194013761427233927e+06 3.654884996150979772e+06 5.746219643429804593e+06 6.248037784543310991e+05
9.214876252922216430e+06 -9.036373439303737134e+06 -8.348053581301054917e+06 3.422919359622992575e+06 5.914339515183737502e+06 2.670318944752001553e+05
9.378816811052000150e+06 -8.827678731124904007e+06 -8.498793716013034806e+06 3.175580337969110813e+06 6.055896230970986187e+06 -9.194273537313415727e+04
9.539095475975794718e+06 -8.615536826608205214e+06 -8.646213874565524980e+06 2.913978465759775136e+06 6.170253350095383823e+06 -4.505032949239600566e+05
9.695692903810443357e+06 -8.400069601359674707e+06 -8.790295659014843404e+06 2.639288927050946280e+06 6.256897697162891738e+06 -8.070348359549154993e+05
9.848591737266331911e+06 -8.181397522861707024e+06 -8.931022492928583175e+06 2.352746126165266149e+06 6.315441712979067117e+06 -1.159931746627263725e+06
9.997776529018204659e+06 -7.959639625431215391e+06 -9.068379551640493795e+06 2.055637974632299040e+06 6.345625193279862404e+06 -1.507605169105333276e+06
1.014323366711840779e+07 -7.734913489289005287e+06 -9.202353694341525435e+06 1.749299926572189201e+06 6.347316407506041229e+06 -1.848490325641367817e+06
1.028495130248016305e+07 -7.507335223471048288e+06 -9.332933398036446422e+06 1.435108796415758086e+06 6.320512594387111254e+06 -2.181053713342412841e+06
1.042291927844922058e+07 -7.277019452325604856e+06 -9.460108693380178884e+06 1.114476393838539487e+06 6.265339835630448535e+06 -2.503800129431954119e+06
1.055712915120680816e+07 -7.044079148293662816e+06 -9.583871184254739434e+06 7.888427918417745968e+05 6.182052248165386729e+06 -2.815279695344431326e+06
1.068757376608156413e+07 -6.808626251412001438e+06 -9.704213657727206126e+06 4.596705801620648708e+05 6.071030877481671050e+06 -3.114093607896058820e+06
1.081424773339089006e+07 -6.570770727823494934e+06 -9.821130523514388129e+06 1.284368545030360401e+05 5.932781420338962227e+06 -3.398901701231711544e+06
1.093714700388549641e+07 -6.330621191379879601e+06 -9.934617423136532307e+06 -2.033726519371168397e+05 5.767931912067878991e+06 -3.668427609184454195e+06
1.105626890002117120e+07 -6.088284749253409915e+06 -1.004467125932656974e+07 -5.342705312382286647e+05 5.577229607188769616e+06 -3.921464657508654520e+06
1.117161205801944248e+07 -5.843867005150745623e+06 -1.015129014315641299e+07 -8.627744198870824184e+05 5.361537373938792385e+06 -4.156881192990608513e+06
1.128317637194696814e+07 -5.597472064615507610e+06 -1.025447334299021028e+07 -1.187413659490642371e+06 5.121829581334916875e+06 -4.373625541911398992e+06
1.139096293978103623e+07 -5.349202542251858860e+06 -1.035422123523912393e+07 -1.506735869031431852e+06 4.859187505638987757e+06 -4.570730580377245322e+06
1.149497401143035479e+07 -5.099159570703528821e+06 -1.045053525688733906e+07 -1.819313400407443289e+06 4.574794284389601089e+06 -4.747317901816439815e+06
1.159521293867452629e+07 -4.847442811235417612e+06 -1.054341785975839943e+07 -2.123749650770016480e+06 4.269929447098757140e+06 -4.902601569507212378e+06
1.169168412698078901e+07 -4.594150465781145729e+06 -1.063287246648593619e+07 -2.418685206999600865e+06 3.945963052254929207e+06 -5.035891444389675744e+06
1.178439305006858148e+07 -4.339379118998873048e+06 -1.071890348469557799e+07 -2.702803986021624878e+06 3.604349225877521560e+06 -5.146596147095555440e+06
1.187334595922102593e+07 -4.083224437198158819e+06 -1.080151603782026656e+07 -2.974838221608974971e+06 3.246620529108795803e+06 -5.234225233592472039e+06
1.195855021348437667e+07 -3.825780158868243452e+06 -1.088071627208954096e+07 -3.233575118837079499e+06 2.874379717292375863e+06 -5.298391656385792419e+06
1.204001398740102910e+07 -3.567138793737187982e+06 -1.095651108590201661e+07 -3.477861343895353377e+06 2.489293505777843762e+06 -5.338813022485313006e+06
1.211774629501830600e+07 -3.307391469907795079e+06 -1.102890815259218030e+07 -3.706608211530724540e+06 2.093084960973566631e+06 -5.355312799365635961e+06
1.219175695208879560e+07 -3.046627952118006069e+06 -1.109791588583356887e+07 -3.918796395194350742e+06 1.687525897598310374e+06 -5.347820992098252289e+06
1.226205653984434716e+07 -2.784936660680895671e+06 -1.116354340647247620e+07 -4.113480339030530304e+06 1.274429087240973720e+06 -5.316374373746693134e+06
1.232865637029935233e+07 -2.522404691015676130e+06 -1.122580051075374335e+07 -4.289792357260995544e+06 8.556403065272016684e+05 -5.261116269950490445e+06
1.239156845303512178e+07 -2.259117833701366093e+06 -1.128469763989387825e+07 -4.446946407099910080e+06 4.330302531905633514e+05 -5.182295899266820401e+06
1.245080546342329308e+07 -1.995160594969851198e+06 -1.134024585096450336e+07 -4.584241521799148992e+06 8.486358558764277404e+03 -5.080267271479965188e+06
1.250638071224211343e+07 -1.730616217575053917e+06 -1.139245678904348239e+07 -4.701064890839039348e+06 -4.160954746557141189e+05 -4.955487646779303439e+06
1.255830811664112844e+07 -1.465566701977876015e+06 -1.144134266059468500e+07 -4.796894574673924595e+06 -8.388191797898975201e+05 -4.808515559496606700e+06
1.260660220358105935e+07 -1.200092649645651458e+06 -1.148691623748943768e+07 -4.871301884502411820e+06 -1.257797127955564763e+06 -4.640008290972094052e+06
1.265127795627078786e+07 -9.342739970401553437e+05 -1.152919071271125227e+07 -4.923953144934879616e+06 -1.671157312951317756e+06 -4.450719503913598135e+06
1.269235098320884630e+07 -6.681889692458703648e+05 -1.156817986053238250e+07 -4.954611541271440685e+06 -2.077053297056342708e+06 -4.241495313449406996e+06
1.272983736215820536e+07 -4.019148137017802219e+05 -1.160389788997330144e+07 -4.963138042311613448e+06 -2.473671260263765231e+06 -4.013271065480352845e+06
1.276375365082094818e+07 -1.355276442803359241e+05 -1.163635945541950129e+07 -4.949492174769615754e+06 -2.859238344347354956e+06 -3.767067171925390605e+06
1.279411686501309648e+07 1.308975367231560522e+05 -1.166557963657321595e+07 -4.913732312810896896e+06 -3.232030564140724950e+06 -3.503984664906706195e+06
1.282094445790212601e+07 3.972868166186939925e+05 -1.169157391937462427e+07 -4.856015533301968127e+06 -3.590380532609856222e+06 -3.225200378445128910e+06
1.284425430026975460e+07 6.635673503861014033e+05 -1.171435817785865441e+07 -4.776597031986474991e+06 -3.932684963306392543e+06 -2.931961774390962441e+06
1.286406466176426783e+07 9.296673388159632450e+05 -1.173394865691486932e+07 -4.675829097789401188e+06 -4.257411913466630504e+06 -2.625581431750596967e+06
1.288039419310674444e+07 1.195516006749573164e+06 -1.175036195591821149e+07 -4.554159644685900770e+06 -4.563107731028376147e+06 -2.307431221063744742e+06
1.289326190921782330e+07 1.461043581446501659e+06 -1.176361501320038736e+07 -4.412130303027600050e+06 -4.848403669199540280e+06 -1.978936188005533768e+06
1.290268717840224318e+07 1.726181448734698584e+06 -1.177372509706078097e+07 -4.250373959935197607e+06 -5.112022302219531499e+06 -1.641567943997211754e+06
1.290868968424855731e+07 1.990861420793732861e+06 -1.178070976682200842e+07 -4.069612433130307589e+06 -5.352782676823875867e+06 -1.296838961593632353e+06
1.291128944922440872e+07 2.255016781821701676e+06 -1.178458690030489117e+07 -3.870652627537125722e+06 -5.569606782951995730e+06 -9.462943960996251553e+05
1.291050679359257594e+07 2.518581555630755611e+06 -1.178537465216034837e+07 -3.654383359188072849e+06 -5.761523774177736603e+06 -5.915059954778383253e+05
1.290636233013862558e+07 2.781490662864418235e+06 -1.178309144994423538e+07 -3.421771266681671143e+06 -5.927674600807663053e+06 -2.340647509917332500e+05
1.289887695216521993e+07 3.043679900514457840e+06 -1.177775598303625546e+07 -3.173856454071583692e+06 -6.067315939380971715e+06 1.244263281403055880e+05
1.288807182219923101e+07 3.305085921678466257e+06 -1.176938719221003912e+07 -2.911747784762445837e+06 -6.179823580669940449e+06 4.823595021899620187e+05
1.287396836138387024e+07 3.565646215577970725e+06 -1.175800425983080454e+07 -2.636617850516099017e+06 -6.264695257560726255e+06 8.381296123510481557e+05
1.285658823953362182e+07 3.825299087833218742e+06 -1.174362660065848194e+07 -2.349697641825132538e+06 -6.321552898023474030e+06 1.190141377973888535e+06
1.283595336582677439e+07 4.083983641011429951e+06 -1.172627385323444381e+07 -2.052270947951870272e+06 -6.350144292248105630e+06 1.536816641464429209e+06
1.281208588011335582e+07 4.341639755453868769e+06 -1.170596587183117494e+07 -1.745668516602097312e+06 -6.350344167048638687e+06 1.876601523276266642e+06
1.278500812558775395e+07 4.598208242050577886e+06 -1.168272270237988420e+07 -1.431261791293550516e+06 -6.322154636275165714e+06 2.207973669527176302e+06
1.275474271604591794e+07 4.853630136195382103e+06 -1.165656463980076462e+07 -1.110457533647484379e+06 -6.265705179835272022e+06 2.529448235494644381e+06
1.272131241994577646e+07 5.107847711795047857e+06 -1.162751212799072266e+07 -7.846901864163714927e+05 -6.181251824878663756e+06 2.839585891808471642e+06
1.268474022446089610e+07 5.360803774314446375e+06 -1.159558581422440708e+07 -4.554162308697661501e+05 -6.069175916131200269e+06 3.136998373280514032e+06
1.264504931246904470e+07 5.612441815488400869e+06 -1.156080652903268673e+07 -1.241074183274485695e+05 -5.929982251140430570e+06 3.420354892026430462e+06
1.260226305712377839e+07 5.862705995919071138e+06 -1.152319528113980405e+07 2.077558358583848167e+05 -5.764296670831573196e+06 3.688388041697237175e+06
1.255640501690588146e+07 6.111541127979049459e+06 -1.148277325284088962e+07 5.386910725926235318e+05 -5.572863113695060834e+06 3.939899393313420936e+06
1.250749893113777973e+07 6.358892659024328925e+06 -1.143956179580485821e+07 8.672203929295842536e+05 -5.356540153661736287e+06 4.173764760514021851e+06
1.245556871594796330e+07 6.604706654914001003e+06 -1.139358242728839815e+07 1.191877016094684135e+06 -5.116297043676864356e+06 4.388939114554606378e+06
1.240063846066902205e+07 6.848929783839986660e+06 -1.134485682674813084e+07 1.511211763496304397e+06 -4.853209288564228453e+06 4.584461131838910282e+06
1.234273242465671524e+07 7.091509300463079475e+06 -1.129340683283862285e+07 1.823799442045131000e+06 -4.568453771961256862e+06 4.759457359132419340e+06
1.228187499272271432e+07 7.332393191309335642e+06 -1.123925440356939100e+07 2.128245302663196810e+06 -4.263303251833229326e+06 4.913146079536853358e+06
1.221809083796916902e+07 7.571529514555348083e+06 -1.118242176110079698e+07 2.423190336761652026e+06 -3.939121505447217729e+06 5.044840279096039012e+06
1.215140467491900176e+07 7.808867354296455160e+06 -1.112293117193268239e+07 2.707318438260512426e+06 -3.597356045399479102e+06 5.153951215907520615e+06
1.208184141916006804e+07 8.044356158644413576e+06 -1.106080508878155239e+07 2.979361323270765599e+06 -3.239532529712042771e+06 5.239990521336624399e+06
1.200942614625955187e+07 8.277945887504727580e+06 -1.099606611392669193e+07 3.238104267193376552e+06 -2.867247853969431017e+06 5.302572410915781744e+06
1.193418409084636159e+07 8.509586998566536233e+06 -1.092873699828562513e+07 3.482391403342457023e+06 -2.482163153730259743e+06 5.341415352502563037e+06
1.185614064603811502e+07 8.739230433590184897e+06 -1.085884064080269262e+07 3.711130772299449425e+06 -2.085996545765371062e+06 5.356343298162825406e+06
1.177532136319434643e+07 8.966827605008071288e+06 -1.078640008814077452e+07 3.923299104925665539e+06 -1.680515634551798925e+06 5.347286476769736968e+06
1.169175195199671574e+07 9.192330382819706574e+06 -1.071143853467054106e+07 4.117946322539815214e+06 -1.267529810519852210e+06 5.314281744997202419e+06
1.160545828084210679e+07 9.415691081793339923e+06 -1.063397932274728082e+07 4.294199738220181316e+06 -8.488823667478102725e+05 5.257472495004361495e+06
1.151646637754188851e+07 9.636862448966834694e+06 -1.055404594327065721e+07 4.451267943510480225e+06 -4.264424612206639140e+05 5.177108117715240456e+06
1.142480243032282405e+07 9.855797651447383687e+06 -1.047166203651860915e+07 4.588444365089332685e+06 -2.096952320967759988e+03 5.073543021238437854e+06
1.133049272499854118e+07 1.007245040901065990e+07 -1.038685133557366021e+07 4.705110547407642007e+06 4.222581480834730901e+05 4.947235112508231774e+06
1.123356390128557198e+07 1.028677440291373245e+07 -1.029963789679920301e+07 4.800738704677665606e+06 8.447248678192454390e+05 4.798744281840970740e+06
1.113404257519912347e+07 1.049872413629419170e+07 -1.021004576022133604e+07 4.874894667063849978e+06 1.263413353410116630e+06 4.628729583396392874e+06
1.103195559239439666e+07 1.070825434048196487e+07 -1.011809917727794871e+07 4.927239640690716915e+06 1.676449106409840053e+06 4.437946810577759519e+06
1.092732996821723692e+07 1.091532011032747291e+07 -1.002382255688651651e+07 4.957531977168338373e+06 2.081981617108468665e+06 4.227245237649820745e+06
1.082019289037387073e+07 1.111987689378124662e+07 -9.927240467811699957e+06 4.965628442311604507e+06 2.478192651632510591e+06 3.997564012542409822e+06
1.071057172187900357e+07 1.132188048173269629e+07 -9.828377641290945932e+06 4.951485057424016297e+06 2.863304441064928193e+06 3.749928132521213498e+06
1.059849400421880372e+07 1.152128699822428636e+07 -9.727258973855512217e+06 4.915157502666945569e+06 3.235587735143849161e+06 3.485444013818135019e+06
1.048398746081724204e+07 1.171805289086172543e+07 -9.623909530432248488e+06 4.856801073654422536e+06 3.593369681982815731e+06 3.205294668822105974e+06
1.036708000072547235e+07 1.191213492157302797e+07 -9.518354547647278756e+06 4.776670184341364540e+06 3.935041494401138276e+06 2.910734507108611986e+06
1.024779972256294079e+07 1.210349015764872357e+07 -9.410619437364377081e+06 4.675117411496687680e+06 4.259065862895310856e+06 2.603083779422532767e+06
1.012617483636711910e+07 1.229207608859568834e+07 -9.300729716043738648e+06 4.552591989497326314e+06 4.563984272855130956e+06 2.283722468883604743e+06
1.000223399582375772e+07 1.247785011378798261e+07 -9.188711304922945797e+06 4.409638276977717876e+06 4.848422985508623533e+06 1.954084954501418862e+06
9.876005813569545746e+06 1.266077029317594878e+07 -9.074590092075774446e+06 4.246892930724843405e+06 5.111100679665206932e+06 1.615652241502420045e+06
9.747519190775042400e+06 1.284079483178656735e+07 -8.958392230161307380e+06 4.065082438335981686e+06 5.350833623091937974e+06 1.269946076193293789e+06
9.616803241513501853e+06 1.301788219963513128e+07 -8.840144068097651005e+06 3.865019821062845644e+06 5.566541440100177191e+06 9.185217821605813224e+05
9.483887298141362146e+06 1.319199112454214878e+07 -8.719872155922627077e+06 3.647600985526504926e+06 5.757252187606044114e+06 5.629611238979323534e+05
9.348800916910212487e+06 1.336308058525659144e+07 -8.597603249867239967e+06 3.413800665806460660e+06 5.922106919523639604e+06 2.048650250011064054e+05
9.211573883814806119e+06 1.353110980488117039e+07 -8.473364317645091563e+06 3.164667975794706494e+06 6.060363711549411528e+06 -1.541538199619869993e+05
9.072236220669437200e+06 1.369603824460886605e+07 -8.347182543955191039e+06 2.901321594855129719e+06 6.171401121958274394e+06 -5.124783994680080214e+05
8.930818191423617303e+06 1.385782559776537120e+07 -8.219085336198988371e+06 2.624944612573659047e+06 6.254721068070695736e+06 -8.684948639170939568e+05
8.787350308691116050e+06 1.401643178418347612e+07 -8.089100330400905572e+06 2.336779061086661182e+06 6.309951102201254107e+06 -1.220599987851813436e+06
8.641863242326743901e+06 1.417181704795601591e+07 -7.957255308350053616e+06 2.038119962169727311e+06 6.336846083884083666e+06 -1.567208804525191896e+06
8.494388217986861244e+06 1.432394153785347752e+07 -7.823578558813139796e+06 1.730310136862653773e+06 6.335289171093778685e+06 -1.906760985648334492e+06
8.344956439011546783e+06 1.447276592784011550e+07 -7.688098353638446890e+06 1.414732788734932896e+06 6.305292350834571756e+06 -2.237729405380693730e+06
8.193599482793440111e+06 1.461825099377247877e+07 -7.550843306948173791e+06 1.092805905065576080e+06 6.246996149928132072e+06 -2.558626197746972088e+06
8.040349211594778113e+06 1.476035771468441188e+07 -7.411842294346459210e+06 7.659755216858919011e+05 6.160668850632099435e+06 -2.868009771137095056e+06
7.885237780489677563e+06 1.489904726913242415e+07 -7.271124460135213099e+06 4.357090762345099356e+05 6.046705074969504029e+06 -3.164491342633092310e+06
7.728297645536010154e+06 1.503428103189748153e+07 -7.128719224742956460e+06 1.034886886120219278e+05 5.905623779394791462e+06 -3.446741195331345778e+06
7.569561572185338475e+06 1.516602057104401663e+07 -6.984656292372383177e+06 -2.291955962795664382e+05 5.738065677290866151e+06 -3.713494630125259515e+06
7.409062643928920850e+06 1.529422764534653164e+07 -6.838965658865254372e+06 -5.608525693352541421e+05 5.544790109821064398e+06 -3.963557586254395079e+06
7.246834271182227880e+06 1.541886420209107734e+07 -6.691677619787149131e+06 -8.899965886366859777e+05 5.326671388243936002e+06 -4.195811907863812521e+06
7.082910200408354402e+06 1.553989237526164390e+07 -6.542822778730725870e+06 -1.215154249926022952e+06 5.084694632941680960e+06 -4.409220236729241908e+06
6.917324411898360588e+06 1.565727456159934588e+07 -6.392431954490934499e+06 -1.534871178546946496e+06 4.819950951196024194e+06 -4.602830637158303522e+06
6.750111574632652104e+06 1.577097310718307830e+07 -6.240536594224430621e+06 -1.847717636176970555e+06 4.533633077255927958e+06 -4.775780186731880531e+06
6.581306389888937585e+06 1.588095077913115174e+07 -6.087168177324060351e+06 -2.152296124140502885e+06 4.227028801419765688e+06 -4.927299436167113483e+06
6.410944044387349859e+06 1.598717044810642116e+07 -5.932358626989576034e+06 -2.447246666876928881e+06 3.901515771658340003e+06 -5.056715129901909269e+06
6.239060110148502514e+06 1.608959516851599514e+07 -5.776140219320378266e+06 -2.731252981581472326e+06 3.558555069747806527e+06 -5.163453163105332293e+06
6.065690555082417093e+06 1.618818817922361009e+07 -5.618545592968005687e+06 -3.003048217836922966e+06 3.199684627406375483e+06 -5.247040963264810853e+06
5.890871753820524551e+06 1.628291290472844429e+07 -5.459607759018479846e+06 -3.261420464028137270e+06 2.826512341939128004e+06 -5.307109429077301174e+06
5.714640498808102682e+06 1.637373295681849308e+07 -5.299360111107045785e+06 -3.505218002304577269e+06 2.440708920625982340e+06 -5.343394424145147204e+06
5.537034011638280936e+06 1.646061213672231510e+07 -5.137836435760699213e+06 -3.733354295063908678e+06 2.044000482726917835e+06 -5.355737824104687199e+06
5.358089954641957767e+06 1.654351443776840158e+07 -4.975070922978137620e+06 -3.944812686941645108e+06 1.638160947650383925e+06 -5.344088116747407243e+06
5.177846442732281983e+06 1.662240404857152700e+07 -4.811098177040044218e+06 -4.138650807115952019e+06 1.225004237616952276e+06 -5.308500555477161892e+06
4.996342055502310395e+06 1.669724535676346347e+07 -4.645953227555897087e+06 -4.314004657436627895e+06 8.063763230116100749e+05 -5.249136867136199027e+06
4.813615726649295539e+06 1.676800299935642816e+07 -4.479671428872320801e+06 -4.470092470472197048e+06 3.841468547766720876e+05 -5.166264452497668564e+06
4.629707247517176904e+06 1.683464168056719378e+07 -4.312288918358539231e+06 -4.606217722119606100e+06 -3.979788470322821377e+04 -5.060255446626801044e+06
4.444656544754486531e+06 1.689712646201218292e+07 -4.143841959121804684e+06 -4.721772823990597390e+06 -4.635649381698232610e+05 -4.931584768695958890e+06
4.258504182754376903e+06 1.695542257625909895e+07 -3.974367397263737395e+06 -4.816241387553441338e+06 -8.852618399527412839e+05 -4.780828277580018155e+06
4.071291254910083022e+06 1.700949548239706084e+07 -3.803902562984644901e+06 -4.889200652001773939e+06 -1.303005207956792321e+06 -4.608660242981068790e+06
3.883059397238274105e+06 1.705931087346033752e+07 -3.632485283043449279e+06 -4.940323409532593563e+06 -1.714929034144381061e+06 -4.415850440233417787e+06
3.693850802266262006e+06 1.710483468454496562e+07 -3.460153893455004320e+06 -4.969379528157173656e+06 -2.119192923451721668e+06 -4.203260828347749077e+06
3.503708233161358628e+06 1.714603310164941847e+07 -3.286947252417465206e+06 -4.976237061780895106e+06 -2.513990247908374295e+06 -3.971841820150221232e+06
3.312675038120433223e+06 1.718287257126164436e+07 -3.112904753475534264e+06 -4.960862938324301504e+06 -2.897556181738283951e+06 -3.722628155146163888e+06
3.120795164994211402e+06 1.721531981072591245e+07 -2.938066338908775244e+06 -4.923323217919910327e+06 -3.268175582270666957e+06 -3.456734387752349023e+06
2.928113176166641060e+06 1.724334181941395998e+07 -2.762472513349920977e+06 -4.863782914744966663e+06 -3.624190680752526503e+06 -3.175350005701083690e+06
2.734674133715404198e+06 1.726690590503376722e+07 -2.586164239169786219e+06 -4.782505316110007465e+06 -3.964008768674663734e+06 -2.879733993060793728e+06
2.540524134117322043e+06 1.728597963629124686e+07 -2.409183423917368520e+06 -4.679851152263869531e+06 -4.286108497934241779e+06 -2.571210065501810052e+06
2.345709545523154084e+06 1.730053095151048899e+07 -2.231572225210172124e+06 -4.556276762154503725e+06 -4.589048150429407135e+06 -2.251159601262932643e+06
2.150277541931540705e+06 1.731052810713630542e+07 -2.053373537665007403e+06 -4.412332348352875561e+06 -4.871471279055044055e+06 -1.921016260815771064e+06
1.954275989755828632e+06 1.731593971072824299e+07 -1.874630889599513961e+06 -4.248659544000622816e+06 -5.132113133956855163e+06 -1.582259369258992840e+06
1.757753464054100914e+06 1.731673473766828701e+07 -1.695388457913237391e+06 -4.065988597575664986e+06 -5.369806449345954694e+06 -1.236407262450949522e+06
1.560759264966389397e+06 1.731288254891955853e+07 -1.515691083161550341e+06 -3.865135138754360378e+06 -5.583486791857258417e+06 -8.850104348683072021e+05
1.363343434340759646e+06 1.730435290987743065e+07 -1.335584284806742566e+06 -3.646996538832855877e+06 -5.772197440082107671e+06 -5.296445227328030160e+05
1.165556772533702198e+06 1.729111601035530120e+07 -1.155114276636880357e+06 -3.412547882082587108e+06 -5.935093767447570339e+06 -1.719031576160443074e+05
9.674508553864872083e+05 1.727314248574817553e+07 -9.743279823452243581e+05 -3.162837567246303894e+06 -6.071447103541997261e+06 1.866092729317016201e+05
7.690780513441262301e+05 1.725040343942025304e+07 -7.932730512510690605e+05 -2.898982561028003693e+06 -6.180648052272100933e+06 5.442849202474342892e+05
5.704914054948186968e+05 1.722287044628696144e+07 -6.119977525356371189e+05 -2.622163138296072371e+06 -6.262209294081724249e+06 8.995200237798729213e+05
3.717451897463984787e+05 1.719051565485303476e+07 -4.305514775814812165e+05 -2.333618266284700017e+06 -6.315767567076392472e+06 1.250721251057429705e+06
1.728941212732495333e+05 1.715331170281233266e+07 -2.489840266593624838e+05 -2.034638854006626876e+06 -6.341085590944852680e+06 1.596314360870851204e+06
-2.600608737721249418e+04 1.711123181542759761e+07 -6.734611118198739132e+04 -1.726562613096727291e+06 -6.338052832448033616e+06 1.934750383541312069e+06
-2.248988437727720884e+05 1.706424981791829318e+07 1.143107515850452473e+05 -1.410767795614307746e+06 -6.306685977931774221e+06 2.264512863374511711e+06
-4.237266579582003760e+05 1.701234016623004526e+07 2.959342222868879326e+05 -1.088666938755115494e+06 -6.247128748812148347e+06 2.584124694129073061e+06
-6.224311248135752976e+05 1.695547797938766703e+07 4.774711232385631884e+05 -7.617004679050912382e+05 -6.159651129445809871e+06 2.892154753444118891e+06
-8.209529064433596795e+05 1.689363907349110022e+07 6.588674222010503290e+05 -4.313301910927729332e+05 -6.044648016380087472e+06 3.187224304890543688e+06
-1.019231714630900417e+06 1.682679999741238728e+07 8.400682162067198660e+05 -9.903271771533027641e+04 -5.902637301303965040e+06 3.468013138530519791e+06
-1.217206293387798127e+06 1.675493807025430910e+07 1.021017715467954287e+06 2.337071660875487723e+05 -5.734257403025044128e+06 3.733265423249377869e+06
-1.414814401646972867e+06 1.667803142063212208e+07 1.201659227402348071e+06 5.654031337996050715e+05 -5.540264266462897882e+06 3.981795246582466643e+06
-1.611992928190791979e+06 1.659605897117228992e+07 1.381935261563092470e+06 8.945741556095334236e+05 -5.321527694161270745e+06 4.212491968788239174e+06
-1.808677346162797883e+06 1.650900070489163511e+07 1.561787030720560811e+06 1.219750186356272548e+06 -5.079027945447095670e+06 4.424324468069496565e+06
-2.004802489814916393e+06 1.641683738054996543e+07 1.741155160851257620e+06 1.539479984445147682e+06 -4.813850384229511023e+06 4.616346551637449302e+06
-2.200302009007612709e+06 1.631955079631664231e+07 1.919979192225697916e+06 1.852336616363762878e+06 -4.527181136600529775e+06 4.787700421276015230e+06
-2.395108485678927973e+06 1.621712378586251475e+07 2.098197685685373843e+06 2.156923940775712952e+06 -4.220301622727398761e+06 4.937620534260231070e+06
-2.589153418395907152e+06 1.610954026993183792e+07 2.275748208305311855e+06 2.451882719340962823e+06 -3.894582836989530362e+06 5.065436896150873043e+06
-2.782367207427131943e+06 1.599678531019190326e+07 2.452567319523404352e+06 2.735896553775968496e+06 -3.551479264335576445e+06 5.170577937701049261e+06
-2.974679140407393221e+06 1.587884516542912088e+07 2.628590557797135320e+06 3.007697628248116001e+06 -3.192522459412749857e+06 5.252572968860742636e+06
-3.166017378672841005e+06 1.575570735015662760e+07 2.803752427860186435e+06 3.266072237380539998e+06 -2.819314314998691436e+06 5.311054204184265807e+06
-3.356308944348535500e+06 1.562736069569846801e+07 2.977986388655549381e+06 3.509866081183588598e+06 -2.433520046176810283e+06 5.345758355058790185e+06
-3.545479708283141721e+06 1.549379541381440498e+07 3.151224842023798265e+06 3.737989309100724757e+06 -2.036860916615695925e+06 5.356527785098489374e+06
-3.733454378911823500e+06 1.535500316293046623e+07 3.323399122233772650e+06 3.949421296061346773e+06 -1.631106733302317793e+06 5.343311225828883238e+06
-3.920156616919129621e+06 1.521097701869731769e+07 3.494439600745670032e+06 4.143215257842630614e+06 -1.218067857148640323e+06 5.306164017556836829e+06
-4.105508526358433533e+06 1.506171193542595953e+07 3.664275219694490079e+06 4.318501933911537752e+06 -7.995884271012817044e+05 5.245248055389095098e+06
-4.289431398211201653e+06 1.490720424102299847e+07 3.832834172748791520e+06 4.474494242412022315e+06 -3.775366562888575718e+05 5.160831025399382226e+06
-4.471845202399137430e+06 1.474745209700770862e+07 4.000043439414403867e+06 4.610490290238389745e+06 4.620222743216187519e+04 5.053285429268851876e+06
-4.652668708625446074e+06 1.458245548378957249e+07 4.165828895367773715e+06 4.725876704073942266e+06 4.697345151464907103e+05 4.923087063973991200e+06
-4.831819483242557384e+06 1.441221628368476033e+07 4.330115309201307595e+06 4.820131463051493280e+06 8.911663413586550159e+05 4.770813075310753658e+06
-5.009213887913327664e+06 1.423673836688910797e+07 4.492826340792094357e+06 4.892826354232301004e+06 1.308612043231186923e+06 4.597139570778897963e+06
-5.184767080224649049e+06 1.405602768043208867e+07 4.653884541438172571e+06 4.943629036587755196e+06 1.720202522505250527e+06 4.402838795558959246e+06
-5.358393016408341937e+06 1.387009234014158137e+07 4.813211355902746320e+06 4.972304699780033901e+06 2.124093576613038313e+06 4.188775876877173781e+06
-5.530004456352723762e+06 1.367894272562117316e+07 4.970727126530952752e+06 4.978717304869106971e+06 2.518474164072141051e+06 3.955905143868026324e+06
-5.699512971068151295e+06 1.348259157825642452e+07 5.126351099593121558e+06 4.962830395156822167e+06 2.901574567839531694e+06 3.705266032132123597e+06
-5.866829064245239832e+06 1.328105396535559557e+07 5.280001536384777166e+06 4.924707433758970350e+06 3.271674662499696948e+06 3.437978399943959434e+06
-6.031861737904918380e+06 1.307434792820969410e+07 5.431595313748328947e+06 4.864511842348705977e+06 3.627110775619506836e+06 3.155238367505570874e+06
-6.194519181671923026e+06 1.286249377820281871e+07 5.581048556441028602e+06 4.782506313300360925e+06 3.966284806173497811e+06 2.858311978369405493e+06
-6.354708341743472032e+06 1.264551474380206689e+07 5.728276240693476051e+06 4.679051902468970045e+06 4.287670591778108850e+06 2.548530290726010688e+06
-6.512335056607156061e+06 1.242343694989179261e+07 5.873192318149325438e+06 4.554606554132512771e+06 4.589821233530879952e+06 2.227283257385951467e+06
-6.667304083538661711e+06 1.219628953327991068e+07 6.015709739486903884e+06 4.409723182635779493e+06 4.871375830490302294e+06 1.896013474132489879e+06
-6.819519129065776244e+06 1.196410476086739264e+07 6.155740481642227620e+06 4.245047296509454958e+06 5.131065837545073591e+06 1.556209650981361046e+06
-6.968882883642492816e+06 1.172691815035703033e+07 6.293195578861863352e+06 4.061314172160145361e+06 5.367721008995740674e+06 1.209399837400043616e+06
-7.115297060785394162e+06 1.148476859335836954e+07 6.427985157817088068e+06 3.859345587535164319e+06 5.580274891982967965e+06 8.571444350845742738e+05
-7.258662440943299793e+06 1.123769848070921004e+07 6.560018477020432241e+06 3.640046129502066877e+06 5.767769836233307607e+06 5.010290341478788760e+05
-7.398878920357339084e+06 1.098575382982152887e+07 6.689203970788563602e+06 3.404399092027449980e+06 5.929361489380144514e+06 1.426571105440496467e+05
-7.535845655922596343e+06 1.072898424003341235e+07 6.815449381650277413e+06 3.153461812288196757e+06 6.064322831834689714e+06 -2.163576165197258233e+05
-7.669460759654602036e+06 1.046744371523110010e+07 6.938661477500398643e+06 2.888361497882843949e+06 6.172047220362865366e+06 -5.743976818616618402e+05
-7.799621915348729119e+06 1.020118976263849065e+07 7.058746618733074516e+06 2.610289020462690853e+06 6.252051733917507343e+06 -9.298507989407581044e+05
-7.926226080547435209e+06 9.930284211147587746e+06 7.175610482260411605e+06 2.320494073195366189e+06 6.303978994399650954e+06 -1.281116350845522946e+06
-8.049169657465272583e+06 9.654793174117244780e+06 7.289158217658271082e+06 2.020279221676946850e+06 6.327598855114474893e+06 -1.626613020859373268e+06
-8.168348577627598308e+06 9.374787182871904224e+06 7.399294523738881573e+06 1.710993871262590634e+06 6.322809370949977078e+06 -1.964786077003373764e+06
-8.283658393442066386e+06 9.090341319896120578e+06 7.505923731444120407e+06 1.394028021833272884e+06 6.289637147732221521e+06 -2.294114511943730991e+06
-8.394994376966703683e+06 8.801535351226720959e+06 7.608949893309607171e+06 1.070805845166005194e+06 6.228237073176847771e+06 -2.613118000695234165e+06
-8.502251626125741750e+06 8.508453857518158853e+06 7.708276879731554538e+06 7.427791207331574988e+05 6.138891436133481562e+06 -2.920363640417246148e+06
-8.605325178623931482e+06 8.211186363191225566e+06 7.803808482262182981e+06 4.114205658679142944e+05 6.022008444876564667e+06 -3.214472438935395330e+06
-8.704110133782064542e+06 7.909827463039441034e+06 7.895448524144785479e+06 7.821709596710301412e+04 5.878120158920714632e+06 -3.494125521192803048e+06
-8.798501844301257282e+06 7.604476739548276179e+06 7.983101035697916523e+06 -2.553371736537529214e+05 5.707879729387635365e+06 -3.758070197012999561e+06
-8.888395804298080504e+06 7.295239704047577456e+06 8.066670147448162548e+06 -5.877468082181977807e+05 5.512058688798536547e+06 -4.005124824575847946e+06
-8.973688175936345011e+06 6.982226682803495787e+06 8.146060576206142083e+06 -9.175231404778171564e+05 5.291542556230549701e+06 -4.234185076949428767e+06
-9.054275688579048961e+06 6.665553742613940500e+06 8.221177528416006826e+06 -1.243190055212426931e+06 5.047327068564892747e+06 -4.444228049135222100e+06
-9.130055867622591555e+06 6.345342590139436536e+06 8.291926909442411736e+06 -1.563290799922263017e+06 4.780513394733247347e+06 -4.634316873512863182e+06
-9.200927207299407572e+06 6.021720667320270091e+06 8.358215480750652030e+06 -1.876394450706118485e+06 4.492303011477286927e+06 -4.803604745642803609e+06
-9.266789352238686755e+06 5.694821238484595902e+06 8.419951025114405900e+06 -2.181102230873445980e+06 4.183992164238514379e+06 -4.951338531525223516e+06
-9.327543287738667801e+06 5.364783468142356724e+06 8.477042519818773493e+06 -2.476053657908294350e+06 3.856965942659067921e+06 -5.076861947317683138e+06
-9.383091538659518585e+06 5.031752488411691971e+06 8.529400317774424329e+06 -2.759932496145261917e+06 3.512692000345386565e+06 -5.179618304566936567e+06
-9.433338376776404679e+06 4.695879454993064515e+06 8.576936336406739429e+06 -3.031472494148676749e+06 3.152713948487352114e+06 -5.259152815812977962e+06
-9.478190036371380091e+06 4.357321590584102087e+06 8.619564254121448845e+06 -3.289462887285606004e+06 2.778644452710859943e+06 -5.315114456966101192e+06
-9.517554937775235623e+06 4.016242214581597131e+06 8.657199714088138193e+06 -3.532753647332842927e+06 2.392158062210057862e+06 -5.347257384164473042e+06
-9.551343939256966114e+06 3.672810526891416870e+06 8.689760555125342682e+06 -3.760260609121279791e+06 1.994983530394006753e+06 -5.355441901341219433e+06
-9.579470488382406533e+06 3.327202529499212280e+06 8.717166945118403062e+06 -3.970969564426431898e+06 1.588897267161073396e+06 -5.339634977474276908e+06
-9.601851002906167880e+06 2.979599626187642105e+06 8.739341735568398610e+06 -4.163941570697494317e+06 1.175713936385889305e+06 -5.299910356068895198e+06
-9.618405027183370665e+06 2.630189505524577107e+06 8.756210599807547405e+06 -4.338316406019452959e+06 7.572795584229027154e+05 -5.236448148152294569e+06
-9.629055512832377106e+06 2.279165855135970749e+06 8.767702290469892323e+06 -4.493316473855597898e+06 3.354631641505786683e+05 -5.149534033233233728e+06
-9.633729079337114468e+06 1.926728284909267211e+06 8.773748877600913867e+06 -4.628250206438466907e+06 -8.785138559573878592e+04 -5.039558005502488464e+06
-9.632356278227422386e+06 1.573082228558360599e+06 8.774285990136876702e+06 -4.742515111582064070e+06 -5.107736491822330863e+05 -4.907012681958373636e+06
-9.624871859845200554e+06 1.218438822546637850e+06 8.769253059852654114e+06 -4.835600450131231919e+06 -9.314148923619282432e+05 -4.752491176440855488e+06
-9.611215041605811566e+06 8.630147614513185108e+05 8.758593566789144650e+06 -4.907089531693413854e+06 -1.347896385080244625e+06 -4.576684544556705281e+06
-9.591329776572689414e+06 5.070321289437846281e+05 8.742255285085009411e+06 -4.956661616843876429e+06 -1.758357675609680358e+06 -4.380378805643845350e+06
-9.565165021070143208e+06 1.507182036467543803e+05 8.720190528053414077e+06 -4.984093414657913148e+06 -2.160964809674149845e+06 -4.164451549322067294e+06
-9.532674976055907086e+06 -2.056949996895678923e+05 8.692356370657306165e+06 -4.989260161274683662e+06 -2.553918721076033544e+06 -3.929867972447216976e+06
-9.493819440027652308e+06 -5.619700201559800189e+05 8.658714967807089910e+06 -4.972136279405062087e+06 -2.935462192051080521e+06 -3.677677325957365334e+06
-9.448563934583347291e+06 -9.178656574060064740e+05 8.619233677495900542e+06 -4.932795625445278361e+06 -3.303889286062306259e+06 -3.409007392695174087e+06
-9.396880036659998819e+06 -1.273136314723523566e+06 8.573885360503474250e+06 -4.871411248474240303e+06 -3.657551941993528977e+06 -3.125060160479006823e+06
-9.338745599736724049e+06 -1.627532563751181355e+06 8.522648584989227355e+06 -4.788254746060677804e+06 -3.994867666586092673e+06 -2.827106377026179340e+06
-9.274144984512329102e+06 -1.980801496578625171e+06 8.465507838647432625e+06 -4.683695163696341217e+06 -4.314326692642958835e+06 -2.516479926548177842e+06
-9.203069277686640620e+06 -2.332687103728307877e+06 8.402453730137040839e+06 -4.558197448656057939e+06 -4.614498833261536434e+06 -2.194571899406057317e+06
-9.125516497122883797e+06 -2.682930677364048548e+06 8.333483178211275488e+06 -4.412320460681154393e+06 -4.894039995900146663e+06 -1.862824379886264447e+06
-9.041491781671496108e+06 -3.031271238821384497e+06 8.258599586974103935e+06 -4.246714544586618431e+06 -5.151698320983801037e+06 -1.522723979593469063e+06
-8.951007563953420147e+06 -3.377445989337779582e+06 8.177813005705172196e+06 -4.062118672734858003e+06 -5.386319911065984517e+06 -1.175795146283676848e+06
-8.854083724446406588e+06 -3.721190782597642858e+06 8.091140271736236289e+06 -3.859357168244035915e+06 -5.596854118316952139e+06 -8.235932801091300789e+05
-8.750747653836436570e+06 -4.062240845228190068e+06 7.998605070898976177e+06 -3.639335869634311181e+06 -5.782358476114448160e+06 -4.676974515971185174e+05
-8.641034646460300311e+06 -4.400330374950504862e+06 7.900238294303886592e+06 -3.403038661714714952e+06 -5.942002534862014465e+06 -1.097041931462328503e+05
-8.524987573243601248e+06 -4.735194440446714871e+06 7.796077749533323571e+06 -3.151522149236663245e+06 -6.075072402190798894e+06 2.487811867155726359e+05
-8.402657218777064234e+06 -5.066568606058806181e+06 7.686168466132340953e+06 -2.885911449081924744e+06 -6.180973476184869185e+06 6.061509511186846066e+05
-8.274102252654219046e+06 -5.394189714427892119e+06 7.570562673335272819e+06 -2.607394939048195723e+06 -6.259233264182890765e+06 9.608024842296704883e+05
-8.139389241246833466e+06 -5.717796448385662399e+06 7.449319813560647890e+06 -2.317218853096110746e+06 -6.309503492605172098e+06 1.311145575482033193e+06
-7.998592631953634322e+06 -6.037129898870652542e+06 7.322506530823501758e+06 -2.016681610032542609e+06 -6.331561630842377432e+06 1.655609638246841729e+06
-7.851794709280583076e+06 -6.351934135910032317e+06 7.190196633467708714e+06 -1.707127906038752757e+06 -6.325311823390726931e+06 1.992650825656187953e+06
-7.699085522330112755e+06 -6.661956779564836062e+06 7.052471030816558748e+06 -1.389942602612636052e+06 -6.290785228422204964e+06 2.320759007463087793e+06
-7.540562783484295942e+06 -6.966949567676099949e+06 6.909417643529293127e+06 -1.066544442462806357e+06 -6.228139764888606966e+06 2.638464573137671221e+06
-7.376331738302220590e+06 -7.266668917176684365e+06 6.761131287667251192e+06 -7.383796262889808277e+05 -6.137659274036627263e+06 2.944345028264496475e+06
-7.206504891134547070e+06 -7.560876671140194871e+06 6.607713428092299961e+06 -4.069150605218287674e+05 -6.019752016607944854e+06 3.237031544815976173e+06
-7.031202277707443573e+06 -7.849339852061664686e+06 6.449272425750761293e+06 -7.363264642325114983e+04 -5.874949029469285160e+06 3.515214277192124166e+06
-6.850550567662672140e+06 -8.131832368511735462e+06 6.285922727592380717e+06 2.599786980895456800e+05 -5.703901124751111493e+06 3.777649340769390576e+06
-6.664683275947866030e+06 -8.408134725690161809e+06 6.117785057822857983e+06 5.924288027609628625e+05 -5.507376132543848827e+06 4.023163500095656142e+06
-6.473740385103378445e+06 -8.678034706057686359e+06 5.944986076716580428e+06 9.222330973468521843e+05 -5.286255266340675764e+06 4.250659515047114342e+06
-6.277868055699161254e+06 -8.941327825931645930e+06 5.767658118703797460e+06 1.247919192074373364e+06 -5.041529071597044356e+06 4.459120929530088790e+06
-6.077218314494298771e+06 -9.197817764578310773e+06 5.585938910000735894e+06 1.568033379640074912e+06 -4.774292911239794455e+06 4.647616487204231322e+06
-5.871948722064920701e+06 -9.447316763430962339e+06 5.399971267362130806e+06 1.881147032283447916e+06 -4.485742012985161506e+06 4.815304160157399252e+06
-5.662222021826332435e+06 -9.689645993278685957e+06 5.209902779705638066e+06 2.185862868953837082e+06 -4.177166104098175652e+06 4.961434778600505553e+06
-5.448205772531181574e+06 -9.924635887529764324e+06 5.015885474493565038e+06 2.480821069055858999e+06 -3.849943659702426754e+06 5.085355251598943956e+06
-5.230071966315053403e+06 -1.015212644007357396e+07 4.818075470758029260e+06 2.764705210641982500e+06 -3.505535791015199386e+06 5.186511370573462918e+06
-5.007996634759108536e+06 -1.037196746622962318e+07 4.616632621011584997e+06 3.036248012226474006e+06 -3.145479799947414082e+06 5.264450188813774846e+06
-4.782159292426497675e+06 -1.058401896560048498e+07 4.411720005440502428e+06 3.294237026735650841e+06 -2.771382171295142733e+06 5.318822000020628795e+06
-4.552743133987375535e+06 -1.078815074335652031e+07 4.203504109693055972e+06 3.537519249561896082e+06 -2.384912552265117876e+06 5.349381724469313398e+06
-4.319933709242380224e+06 -1.098424340959606692e+07 3.992153621341995429e+06 3.765007196210307535e+06 -1.987794957539998693e+06 5.355990206819644198e+06
-4.083919107667941134e+06 -1.117218791253452003e+07 3.777839595765129663e+06 3.975682969161087181e+06 -1.581801248016024008e+06 5.338614692934402265e+06
-3.844889389104234055e+06 -1.135188575208347477e+07 3.560734937881978229e+06 4.168602918135941494e+06 -1.168743165937706595e+06 5.297329070771154016e+06
-3.603036166616091505e+06 -1.152324901065070555e+07 3.341014021766630933e+06 4.342901820244180970e+06 -7.504644409701946424e+05 5.232313623204556294e+06
-3.358552193519748282e+06 -1.168620034682526439e+07 3.118852313877979759e+06 4.497796741773417220e+06 -3.288327479986420949e+05 5.143854336306455545e+06
-3.111630956664441619e+06 -1.184067295304838941e+07 2.894426001820153557e+06 4.632590565973607823e+06 9.426845560180731991e+04 5.032341762883925810e+06
-2.862466277936289553e+06 -1.198661047861065716e+07 2.667911630430398043e+06 4.746675171394967474e+06 5.169481846046718420e+05 4.898269441849388182e+06
-2.611251925819154363e+06 -1.212396691952479444e+07 2.439485746879614890e+06 4.839534245587074198e+06 9.373162427921043709e+05 4.742231874933745712e+06
-2.358181238685738761e+06 -1.225270647702136822e+07 2.209324556316729169e+06 4.910745719308784232e+06 1.353491571169397561e+06 4.564922063368116505e+06
-2.103446590021591634e+06 -1.237280346419285610e+07 1.977603433602552162e+06 4.959983832437657751e+06 1.763610867836278630e+06 4.367128469224320725e+06
-1.847239723975620698e+06 -1.248424179124176688e+07 1.744497226687881397e+06 4.987020649329439737e+06 2.165835804595822003e+06 4.149732230012979824e+06
-1.589750397248397348e+06 -1.258701522496169619e+07 1.510179019225820433e+06 4.991727469285880215e+06 2.558362921982815489e+06 3.913702609219513368e+06
-1.331166745144907385e+06 -1.268112681400175951e+07 1.274820461480880389e+06 4.974075459363939241e+06 2.939430660775961820e+06 3.660093347532776650e+06
-1.071674812703812262e+06 -1.276658870470250398e+07 1.038591341731661698e+06 4.934136031959805638e+06 3.307327632481249981e+06 3.390037969300704077e+06
-8.114582744079414988e+05 -1.284342185500448942e+07 8.016593291617002105e+05 4.872080730664358474e+06 3.660400430012617260e+06 3.104744827853650786e+06
-5.506981727030571783e+05 -1.291165573216836900e+07 5.641897338214182528e+05 4.788180658180612139e+06 3.997061216236929409e+06 2.805491781092286110e+06
-2.895726756495920126e+05 -1.297132799659492262e+07 3.263452839816262713e+05 4.682805441991629079e+06 4.315795050401732326e+06 2.493620517429724336e+06
-2.825685389992173441e+04 -1.302248417399339937e+07 8.828592105269698368e+04 4.556421736085977405e+06 4.615166912360782735e+06 2.170530555129566230e+06
2.330775229683505895e+05 -1.306517731808860786e+07 -1.498313878801950195e+05 4.409591259887212887e+06 4.893828384951990098e+06 1.837672940964739537e+06
4.942621708532110788e+05 -1.309946766598485596e+07 -3.878528199900286854e+05 4.242968378622289747e+06 5.150523955697210506e+06 1.496543677011307795e+06
7.551326312731540529e+05 -1.312542230283953249e+07 -6.256280086167932022e+05 4.057297101865450386e+06 5.384097049036630429e+06 1.148676671894867206e+06
1.015527718505887315e+06 -1.314311474451130070e+07 -8.630095411933977157e+05 3.853408283366998658e+06 5.593494845229392871e+06 7.956376585927526467e+05
1.275290697685694555e+06 -1.315262468700663745e+07 -1.099854034907623194e+06 3.632215135915888008e+06 5.777774164307681844e+06 4.390156031555515947e+05
1.534268695375879062e+06 -1.315403757656419650e+07 -1.336021601334810257e+06 3.394709571177999489e+06 5.936105249259481207e+06 8.041631228332039609e+04
1.792312968089706497e+06 -1.314744427679759450e+07 -1.571376092996842926e+06 3.141957547423116863e+06 6.067775812518132851e+06 -2.785452125088628381e+05
2.049278979262382258e+06 -1.313294071882073022e+07 -1.805785175321276765e+06 2.875094171167238615e+06 6.172194350595474243e+06 -6.362522413302481873e+05
2.305026460462527350e+06 -1.311062755587197840e+07 -2.039120384198026266e+06 2.595318461039099842e+06 6.248892872138720937e+06 -9.910937929159480846e+05
2.559419457588053774e+06 -1.308060982363726012e+07 -2.271257169811434578e+06 2.303887802972790319e+06 6.297529024427697994e+06 -1.341472080740511650e+06
2.812326362857227679e+06 -1.304299660734317079e+07 -2.502074927480266429e+06 2.002112127963771578e+06 6.317887607808224857e+06 -1.685809887192901690e+06
3.063619933405966032e+06 -1.299790071656826697e+07 -2.731457016241503879e+06 1.691347845389181981e+06 6.309881472078037448e+06 -2.022557825600387063e+06
3.313177297328000423e+06 -1.294543836859960295e+07 -2.959290765938104130e+06 1.372991566375238821e+06 6.273551793356498703e+06 -2.350201451028538868e+06
3.560880113456518389e+06 -1.288572883860209025e+07 -3.185467624661270063e+06 1.048473433154989383e+06 6.209067681793475524e+06 -2.667268391359140165e+06
3.806613891660117079e+06 -1.281889432711171359e+07 -3.409882539588565473e+06 7.192514037672785344e+05 6.116725424495344982e+06 -2.972334202344891615e+06
4.050268962966461666e+06 -1.274505943249325827e+07 -3.632434844253017567e+06 3.868032521446912433e+05 5.996946678666333668e+06 -3.264030086515801959e+06
4.291739778038977645e+06 -1.266435102988160215e+07 -3.853027619419140276e+06 5.262067564044546452e+04 5.850276495510973036e+06 -3.541048189248442184e+06
4.530925029708147980e+06 -1.257689796815255843e+07 -4.071567806313273031e+06 -2.817977126709285658e+05 5.677380591003801674e+06 -3.802147655184919946e+06
4.767727601136945188e+06 -1.248283081577405706e+07 -4.287966160606793128e+06 -6.149531740657464834e+05 5.479042106514897197e+06 -4.046160128998553846e+06
5.002054507123839110e+06 -1.238228161804624274e+07 -4.502137200079360045e+06 -9.453535996140966890e+05 5.256157848974706605e+06 -4.271994895087988116e+06
5.233816829255495220e+06 -1.227538366579956561e+07 -4.713999146618532948e+06 -1.271520199735632632e+06 5.009734036106928252e+06 -4.478643637331056409e+06
5.462929645622966811e+06 -1.216227127554172650e+07 -4.923473863200330175e+06 -1.591994098304895684e+06 4.740881573800985701e+06 -4.665184802867901511e+06
5.689311955754502676e+06 -1.204307958099600114e+07 -5.130486786450156942e+06 -1.905342803474550834e+06 4.450810893846631981e+06 -4.830787556537442841e+06
5.912886601401812397e+06 -1.191794433591350727e+07 -5.334966855366040953e+06 -2.210166529199333396e+06 4.140826380998351146e+06 -4.974715315081656910e+06
6.133580183770124801e+06 -1.178700172800085135e+07 -5.536846436741629615e+06 -2.505104343217341229e+06 3.812320418763824739e+06 -5.096328852482214570e+06
6.351323122763580643e+06 -1.165038811027923413e+07 -5.736061380485400558e+06 -2.788840305195582565e+06 3.466766846350701060e+06 -5.195089028269847855e+06
6.566048986694375984e+06 -1.150824020684180968e+07 -5.932550407400541939e+06 -3.060108448046728037e+06 3.105715268877143972e+06 -5.270558767446419224e+06
6.777695278189785779e+06 -1.136069440899509378e+07 -6.126255829227498733e+06 -3.317699419333571568e+06 2.730782744172843639e+06 -5.322405244045948610e+06
6.986202756394261494e+06 -1.120788699402186461e+07 -6.317122929511090741e+06 -3.560464955756884534e+06 2.343647513816438150e+06 -5.350400940484415740e+06
