-5.122963808414920e+06 -7.778630825728043e+06 8.261515406218491e+06 7.071067811865476e-01 0.000000000000000e+00 7.071067811865475e-01 1.633628179866693e+05
-5.122963808414920e+06 -7.778630825728043e+06 8.261515406218491e+06 6.427876096865394e-01 0.000000000000000e+00 7.660444431189780e-01 1.633628179866693e+05
-5.122963808414920e+06 -7.778630825728043e+06 8.261515406218491e+06 5.735764363510462e-01 0.000000000000000e+00 8.191520442889917e-01 1.633628179866693e+05
-5.122963808414920e+06 -7.778630825728043e+06 8.261515406218491e+06 5.000000000000001e-01 0.000000000000000e+00 8.660254037844386e-01 1.633628179866693e+05
-5.122963808414920e+06 -7.778630825728043e+06 8.261515406218491e+06 4.226182617406994e-01 0.000000000000000e+00 9.063077870366499e-01 1.633628179866693e+05
-5.122963808414920e+06 -7.778630825728043e+06 8.261515406218491e+06 3.420201433256688e-01 0.000000000000000e+00 9.396926207859083e-01 1.633628179866693e+05
-5.122963808414920e+06 -7.778630825728043e+06 8.261515406218491e+06 2.588190451025207e-01 0.000000000000000e+00 9.659258262890683e-01 1.633628179866693e+05
-5.122963808414920e+06 -7.778630825728043e+06 8.261515406218491e+06 1.736481776669304e-01 0.000000000000000e+00 9.848077530122080e-01 1.633628179866693e+05
-5.122963808414920e+06 -7.778630825728043e+06 8.261515406218491e+06 8.715574274765812e-02 0.000000000000000e+00 9.961946980917455e-01 1.633628179866693e+05
-5.122963808414920e+06 -7.778630825728043e+06 8.261515406218491e+06 6.123233995736766e-17 0.000000000000000e+00 1.000000000000000e+00 1.633628179866693e+05
-5.122963808414920e+06 -7.778630825728043e+06 8.261515406218491e+06 -8.715574274765824e-02 0.000000000000000e+00 9.961946980917455e-01 1.633628179866693e+05
-5.122963808414920e+06 -7.778630825728043e+06 8.261515406218491e+06 -1.736481776669303e-01 0.000000000000000e+00 9.848077530122080e-01 1.633628179866693e+05
-5.122963808414920e+06 -7.778630825728043e+06 8.261515406218491e+06 -2.588190451025209e-01 0.000000000000000e+00 9.659258262890683e-01 1.633628179866693e+05
-5.122963808414920e+06 -7.778630825728043e+06 8.261515406218491e+06 -3.420201433256687e-01 0.000000000000000e+00 9.396926207859084e-01 1.633628179866693e+05
-5.122963808414920e+06 -7.778630825728043e+06 8.261515406218491e+06 -4.226182617406993e-01 0.000000000000000e+00 9.063077870366500e-01 1.633628179866693e+05
-5.122963808414920e+06 -7.778630825728043e+06 8.261515406218491e+06 -4.999999999999998e-01 0.000000000000000e+00 8.660254037844388e-01 1.633628179866693e+05
-5.122963808414920e+06 -7.778630825728043e+06 8.261515406218491e+06 -5.735764363510462e-01 0.000000000000000e+00 8.191520442889917e-01 1.633628179866693e+05
-5.122963808414920e+06 -7.778630825728043e+06 8.261515406218491e+06 -6.427876096865393e-01 0.000000000000000e+00 7.660444431189781e-01 1.633628179866693e+05
-5.122963808414920e+06 -7.778630825728043e+06 8.261515406218491e+06 -7.071067811865475e-01 0.000000000000000e+00 7.071067811865476e-01 1.633628179866693e+05
-5.122963808414920e+06 -7.778630825728043e+06 8.261515406218491e+06 -7.660444431189779e-01 0.000000000000000e+00 6.427876096865395e-01 1.633628179866693e+05
-5.122963808414920e+06 -7.778630825728043e+06 8.261515406218491e+06 -8.191520442889919e-01 0.000000000000000e+00 5.735764363510459e-01 1.633628179866693e+05
-5.122963808414920e+06 -7.778630825728043e+06 8.261515406218491e+06 -7.071067811865477e-01 0.000000000000000e+00 -7.071067811865475e-01 1.633628179866693e+05
-5.122963808414920e+06 -7.778630825728043e+06 8.261515406218491e+06 -6.427876096865396e-01 0.000000000000000e+00 -7.660444431189779e-01 1.633628179866693e+05
-5.122963808414920e+06 -7.778630825728043e+06 8.261515406218491e+06 -5.735764363510464e-01 0.000000000000000e+00 -8.191520442889916e-01 1.633628179866693e+05
-5.122963808414920e+06 -7.778630825728043e+06 8.261515406218491e+06 -5.000000000000004e-01 0.000000000000000e+00 -8.660254037844384e-01 1.633628179866693e+05
-5.122963808414920e+06 -7.778630825728043e+06 8.261515406218491e+06 -4.226182617406991e-01 0.000000000000000e+00 -9.063077870366502e-01 1.633628179866693e+05
-5.122963808414920e+06 -7.778630825728043e+06 8.261515406218491e+06 -3.420201433256685e-01 0.000000000000000e+00 -9.396926207859084e-01 1.633628179866693e+05
-5.122963808414920e+06 -7.778630825728043e+06 8.261515406218491e+06 -2.588190451025206e-01 0.000000000000000e+00 -9.659258262890683e-01 1.633628179866693e+05
-5.122963808414920e+06 -7.778630825728043e+06 8.261515406218491e+06 -1.736481776669303e-01 0.000000000000000e+00 -9.848077530122080e-01 1.633628179866693e+05
-5.122963808414920e+06 -7.778630825728043e+06 8.261515406218491e+06 -8.715574274765825e-02 0.000000000000000e+00 -9.961946980917455e-01 1.633628179866693e+05
-5.122963808414920e+06 -7.778630825728043e+06 8.261515406218491e+06 -1.836970198721030e-16 0.000000000000000e+00 -1.000000000000000e+00 1.633628179866693e+05
-5.122963808414920e+06 -7.778630825728043e+06 8.261515406218491e+06 8.715574274765789e-02 0.000000000000000e+00 -9.961946980917455e-01 1.633628179866693e+05
-5.122963808414920e+06 -7.778630825728043e+06 8.261515406218491e+06 1.736481776669300e-01 0.000000000000000e+00 -9.848077530122081e-01 1.633628179866693e+05
-5.122963808414920e+06 -7.778630825728043e+06 8.261515406218491e+06 2.588190451025203e-01 0.000000000000000e+00 -9.659258262890684e-01 1.633628179866693e+05
-5.122963808414920e+06 -7.778630825728043e+06 8.261515406218491e+06 3.420201433256690e-01 0.000000000000000e+00 -9.396926207859083e-01 1.633628179866693e+05
-5.122963808414920e+06 -7.778630825728043e+06 8.261515406218491e+06 4.226182617406996e-01 0.000000000000000e+00 -9.063077870366498e-01 1.633628179866693e+05
-5.122963808414920e+06 -7.778630825728043e+06 8.261515406218491e+06 5.000000000000000e-01 0.000000000000000e+00 -8.660254037844386e-01 1.633628179866693e+05
-5.122963808414920e+06 -7.778630825728043e+06 8.261515406218491e+06 5.735764363510460e-01 0.000000000000000e+00 -8.191520442889918e-01 1.633628179866693e+05
-5.122963808414920e+06 -7.778630825728043e+06 8.261515406218491e+06 6.427876096865393e-01 0.000000000000000e+00 -7.660444431189781e-01 1.633628179866693e+05
-5.122963808414920e+06 -7.778630825728043e+06 8.261515406218491e+06 7.071067811865475e-01 0.000000000000000e+00 -7.071067811865477e-01 1.633628179866693e+05
-5.122963808414920e+06 -7.778630825728043e+06 8.261515406218491e+06 7.660444431189779e-01 0.000000000000000e+00 -6.427876096865396e-01 1.633628179866693e+05
-5.122963808414920e+06 -7.778630825728043e+06 8.261515406218491e+06 8.191520442889916e-01 0.000000000000000e+00 -5.735764363510464e-01 1.633628179866693e+05
