-8.927645620707495837e+05
-1.561111524957619142e+06
-2.210083589351191185e+06
-2.831630684254374821e+06
-3.418044232284400612e+06
-3.962048916362055577e+06
-4.456893273520006798e+06
-4.896430731495535932e+06
-5.275196973112187348e+06
-5.588477396020634100e+06
-5.832366362117625773e+06
-6.003818015093841590e+06
-6.100685183311905712e+06
-6.121748564699452370e+06
-6.066733410221198574e+06
-5.936314500372707844e+06
-5.729702065328719094e+06
-5.453552311553106643e+06
-5.109623587252526544e+06
-4.702200244551537558e+06
-4.236358601849916391e+06
-3.717900586992152967e+06
-3.153281012758916244e+06
-2.549523722643314861e+06
-1.914134477810061304e+06
-5.689930633354813792e+06
-5.910091284655940719e+06
-6.056841590947717428e+06
-6.128341366365119815e+06
-6.123687261123218574e+06
-6.042925503765574656e+06
-5.885120378239572048e+06
-5.655353000524387695e+06
-5.355292863600002602e+06
-4.988677502232913859e+06
-4.560074425514656119e+06
-4.074823745235527866e+06
-3.538968385890178382e+06
-2.959178429616190493e+06
-2.342664625270059332e+06
-1.697089177309656981e+06
-1.030467748362669721e+06
-3.510718469100543298e+05
3.326753467229194357e+05
1.012300001815064577e+06
1.679383013622829225e+06
2.331990252624819055e+06
2.949126022592360619e+06
3.529717749830427114e+06
4.066561131309834309e+06
4.552985618680397980e+06
4.982938326916975901e+06
5.351057912150144577e+06
5.652743677910218947e+06
5.884213494442747906e+06
6.042554306572173722e+06
6.125760524179930799e+06
6.132762470989795402e+06
6.063442230245885439e+06
5.918637471173431724e+06
5.700132894753566012e+06
5.407396408028800040e+06
5.049861083140286617e+06
4.629433574081253260e+06
4.151358155818360858e+06
3.621599063892962411e+06
-8.713563229411713546e+05
-1.888277096519485349e+05
4.960406982033117674e+05
1.174763101989110932e+06
1.838930801181309856e+06
2.480316259040504228e+06
3.090970554448190145e+06
3.663321727383496240e+06
4.190264916556726210e+06
4.665251150071896613e+06
5.086227223243487999e+06
5.439614087238316424e+06
5.725458589711386710e+06
5.940174690189096145e+06
6.081056659870380536e+06
6.146316371478600428e+06
6.135108069958308712e+06
6.047541810467252508e+06
5.884684302617721260e+06
5.648546799610821530e+06
5.342061166070903651e+06
4.969042316192608327e+06
4.534140546741620637e+06
4.042780610909399576e+06
3.501093246440497693e+06
2.909786448732290883e+06
2.287929525872170925e+06
1.637620718752359739e+06
9.669557904037421104e+05
2.842757298678852385e+05
-4.019349586243804079e+05
-1.083155265033673961e+06
-1.750930078122752719e+06
-2.396975602768846788e+06
-3.013278055630591698e+06
-3.592193151798665989e+06
-4.126537195201593451e+06
-4.609676693813513964e+06
-5.035608200931190513e+06
-5.399034271245756187e+06
-5.698040648671083152e+06
-5.922983055256642401e+06
-6.074352395905374549e+06
-6.150251196874309331e+06
-6.149721262873205356e+06
-6.072757580899406224e+06
-5.920309713848154992e+06
-5.694270597455771640e+06
-5.397453023251922801e+06
-5.033554513296608813e+06
-4.607109172791766934e+06
-4.123430710154738743e+06
-3.588542961962905247e+06
-3.009104446013235487e+06
-2.392321990857401863e+06
-1.745861545716412831e+06
-1.070987578593925806e+06
-3.894243163417049800e+05
2.969655673019890091e+05
9.796753909922712483e+05
1.650247791156826541e+06
2.300375118793419562e+06
2.922002126441402826e+06
3.507421432582920417e+06
4.049369110560565256e+06
4.541111557263284922e+06
4.976530174927107990e+06
5.350196024125722237e+06
5.657439766972015612e+06
5.894410406806061976e+06
6.058126661041509360e+06
6.147015039616974071e+06
6.158176598435510881e+06
6.092701120396564715e+06
5.951378431319851428e+06
5.735949868743742816e+06
5.449086980830389075e+06
2.519067482207676396e+06
3.130460301880807616e+06
3.703059504483993631e+06
4.229757464053040370e+06
4.704006727674279362e+06
5.119902651707767509e+06
5.472255780842605047e+06
5.756659060414720327e+06
5.969543637664016336e+06
6.109232191918848082e+06
6.171187813324165531e+06
6.156364162939024158e+06
6.064916880094137043e+06
5.897961547557977960e+06
5.657561469404923730e+06
5.346701958844601177e+06
4.969253548159466125e+06
4.529921591499182396e+06
4.034186989710996393e+06
3.488234203946647700e+06
2.898873302323172800e+06
2.273450996908400673e+06
1.619758980985117145e+06
9.459334455459509045e+05
2.534687868449720263e+05
-4.353325632903377991e+05
-1.118728494475078071e+06
-1.788238266873046523e+06
-2.435555544357967563e+06
-3.052651612927044276e+06
-3.631870943229048979e+06
-4.166026386286062188e+06
-4.648485201426030137e+06
-5.073252366683806293e+06
-5.435043436810717918e+06
-5.729352067263005301e+06
-5.952506613911969587e+06
-6.101717313093739562e+06
-6.175113456009808928e+06
-6.171346412929416634e+06
-6.090526286816599779e+06
4.879168510881152004e+06
4.425001979162393138e+06
3.915742708830924239e+06
3.357744452370852232e+06
2.757965802808840759e+06
2.123882970503000543e+06
1.463392857457490172e+06
7.847154617563271895e+05
9.628890743006420962e+04
-5.933331569036141736e+05
-1.275589178318187594e+06
-1.942012384016864933e+06
-2.584336210341305472e+06
-3.200507343558967579e+06
-3.770693242107156198e+06
-4.294091104140172713e+06
-4.764201190597899258e+06
-5.175179543147782795e+06
-5.521912196751700714e+06
-5.800078211428894661e+06
-6.006205854090916924e+06
-6.137716652557277121e+06
-6.192960083315522410e+06
-6.171235597797934897e+06
-6.072803144535115920e+06
-5.898881150428333320e+06
-5.651631564337030984e+06
-5.334133328997239470e+06
-4.946185272795347497e+06
-4.500296721687831916e+06
-3.998506014338426292e+06
-3.447062832146667410e+06
-2.852829773267094512e+06
-2.223197009494114202e+06
-1.565987531434032368e+06
-8.893600003762858687e+05
-2.017084215825049905e+05
4.884430733713140944e+05
1.172542235302075511e+06
1.842114878773615696e+06
2.488865377747508697e+06
3.104779186939669773e+06
3.682217894411166199e+06
4.214014107420256361e+06
4.698068148526166566e+06
5.118778413086577319e+06
5.475960409307216294e+06
5.765147268157662824e+06
5.982710829689556733e+06
6.125910358744697645e+06
6.192928910132654943e+06
6.182899358824926428e+06
6.095917658095078543e+06
5.933043748545907438e+06
5.696290030712720007e+06
5.388596316470257007e+06
5.013793609684764408e+06
4.576554224709038623e+06
4.082332924292056821e+06
3.531610820425535552e+06
2.942151533095356543e+06
2.316093314742320683e+06
1.661235736212502932e+06
9.857294642582162051e+05
2.979761325224376633e+05
-3.934783342003052239e+05
-1.080047054635472130e+06
-1.753209742254405282e+06
-2.404614534097246826e+06
-3.026181786336180288e+06
-3.610200255349499639e+06
-4.149422998435384128e+06
-4.637154128617276438e+06
-5.067332926652786322e+06
-5.437946404460748658e+06
-5.737047076545033604e+06
-5.964895605600525625e+06
2.100993950692868326e+06
1.436981190643985756e+06
7.551098833626906853e+05
6.385825612502804870e+04
-6.281866360683559906e+05
-1.312432476837710012e+06
-1.980389098967385711e+06
-2.623769816945508122e+06
-3.234594360402447637e+06
-3.805283906352065504e+06
-4.328755448015494272e+06
-4.798506771550983191e+06
-5.212481564743338153e+06
-5.557338104440130293e+06
-5.833184529583834112e+06
-6.036577041556013748e+06
-6.164971273865160532e+06
-6.216755272060969844e+06
-6.191271861989205703e+06
-6.088828259536702186e+06
-5.910693259484888054e+06
-5.659082222574257292e+06
-5.337128826927482150e+06
-4.948845219716285355e+06
-4.499071164194362238e+06
-3.993410741395589896e+06
-3.438161948802220635e+06
-2.834064702128129546e+06
-2.200581329130524769e+06
-1.539802843281559646e+06
-8.599318252901802771e+05
-1.694012845121789142e+05
5.232281971201481647e+05
1.209374989477802068e+06
1.880538503888913896e+06
2.528404350502583198e+06
3.144942815339948982e+06
3.722508244430131745e+06
4.253930136700427160e+06
4.732602862495828420e+06
5.152565700892860070e+06
-6.194992607543868013e+06
-6.229117173492409289e+06
-6.185092067807454616e+06
-6.064180581556632183e+06
-5.867882768434726633e+06
-5.598641013388976455e+06
-5.259809817318306305e+06
-4.855612082099252380e+06
-4.391085985321095213e+06
-3.872018994855972938e+06
-3.304875216828799341e+06
-2.696711338756483514e+06
-2.055089054906315636e+06
-1.387978070063393796e+06
-7.036587613171765115e+05
-1.061790628067578291e+04
6.894579644049804192e+05
1.374046157135822810e+06
2.041611157150323270e+06
2.683882637571564410e+06
3.292899093578343745e+06
3.861106243159586098e+06
4.381448267654196359e+06
4.847453924769340083e+06
5.253318250117642805e+06
5.593974015452135354e+06
5.865157656295951456e+06
6.063463538381866179e+06
6.186389985056544654e+06
6.232372769512591884e+06
6.200807874077565968e+06
6.092061384293800220e+06
5.905244713094780222e+06
5.646366602284306660e+06
5.317171582851320505e+06
4.921760803405662999e+06
4.465064937705664895e+06
3.952781981521420181e+06
3.391302416540540755e+06
2.787628751393653452e+06
2.149284217171908822e+06
1.484219142226267140e+06
8.007087069669996854e+05
1.072515869053525967e+05
-5.875376627463067416e+05
-1.275032512139100581e+06
-1.946702303538624197e+06
-2.600539686852112412e+06
-3.215500506227418315e+06
-3.790562684116682503e+06
-4.318588668205262162e+06
-4.793019409941974096e+06
-5.207957008642459288e+06
-5.558236674043254927e+06
-5.839493107165048830e+06
-6.048215089425336570e+06
-6.181791867605374195e+06
-6.238546956100779586e+06
-6.217761338119182736e+06
-6.119683841314603575e+06
-5.945529077581422403e+06
-5.697463095712360926e+06
-5.375041843847786076e+06
-4.988662128882323392e+06
-4.540295638781256974e+06
-4.035530109546029940e+06
-3.480652045641086530e+06
-2.882568058404273819e+06
-2.248715446332015563e+06
-1.586970401437120978e+06
-9.055478312030489324e+05
-2.129002491036712308e+05
4.823853326214507106e+05
1.171694267467097379e+06
1.846486763784483308e+06
2.498403529676647391e+06
3.119364780231893528e+06
-5.604003429255824536e+06
-5.260644887826773338e+06
-4.851909687398602255e+06
-4.382892283471526578e+06
-3.859437043787505478e+06
-3.288061894637594465e+06
-2.675876920902605169e+06
-2.030492531110579381e+06
-1.359925794267634628e+06
-6.724987585881720297e+05
2.326367338370696962e+04
7.187374740785247413e+05
1.405306592196477810e+06
2.074465306052366970e+06
2.717923378749292810e+06
3.333606231676299125e+06
3.901696716688395012e+06
4.421417321998295374e+06
4.886304409668800421e+06
5.290565479253955185e+06
5.629153277426480316e+06
5.897828967119289562e+06
6.093218304222503677e+06
6.212855586792184971e+06
6.255217959240762517e+06
6.219746862778177485e+06
6.106857598533760756e+06
5.917936105398625135e+06
5.655322370684703812e+06
5.322282030599826947e+06
4.918652455426688306e+06
4.457452143498592079e+06
3.940761903911015950e+06
3.375027835969563574e+06
2.767304194168036338e+06
2.125165066063560545e+06
1.456606314545527566e+06
7.699469206741214730e+05
7.372291814527964743e+04
-6.234162384872455150e+05
-1.312816365560147911e+06
4.032723418623147998e+06
4.541311879802290350e+06
4.993573690344023518e+06
5.383871724255523644e+06
5.710212420303213410e+06
5.962052138668625616e+06
6.139798004921766929e+06
6.241203654317704961e+06
6.264973628969199955e+06
6.210781947683365084e+06
6.079278698064263910e+06
5.872083351126682945e+06
5.591765813761588186e+06
5.241813669239598326e+06
4.826588682746643201e+06
4.351269681454108097e+06
3.821787170175152365e+06
3.244745481240087189e+06
2.627339748368213419e+06
1.977262290290794568e+06
1.295764703382309061e+06
6.048050806018529693e+05
-9.366642251398767985e+04
-7.909751130104286131e+05
-1.478464770932820858e+06
-2.147605686270047445e+06
-2.790096374280625023e+06
-3.397966694967466872e+06
-3.963672856828895397e+06
-4.480191520591804758e+06
-4.941104294554410502e+06
-5.340678866155507043e+06
-5.673939224455371499e+06
-5.936729891848571599e+06
-6.125768149009429850e+06
-6.239426816380004399e+06
-6.274029088980790228e+06
-6.230641739844048396e+06
-6.109796460980603471e+06
-5.912993123563408852e+06
-5.642681691205233335e+06
-5.302230576925535686e+06
-4.895884390456707217e+06
-4.428708302193482406e+06
-3.906524240620172117e+06
-3.335834800251143053e+06
-2.723742002451260574e+06
-2.077855536460845731e+06
-1.406199079814733239e+06
-7.171085124200641876e+05
-1.213420458665221304e+04
6.860402599911876023e+05
1.375714596123209223e+06
2.048345711942447349e+06
2.695599330606374890e+06
3.309453008942322340e+06
3.882291413339246064e+06
4.407000945546697825e+06
4.877056343606917188e+06
5.286601224538819864e+06
5.630522981303928420e+06
5.904516730804799125e+06
6.105142317563324235e+06
6.229869060507241637e+06
6.277110882892450318e+06
6.245545885698256083e+06
6.136164962228015065e+06
5.950388605153921992e+06
5.690517648919746280e+06
5.359783560439749621e+06
4.962306635034567676e+06
4.503044230734756216e+06
3.987725671212005429e+06
3.422779923337607179e+06
2.815251396450788714e+06
2.172711738940564916e+06
1.503161808049252257e+06
5.991562161620752886e+06
6.166933623814968392e+06
6.265625390169840306e+06
6.286188191692217253e+06
6.227929500612722710e+06
6.092145244811994024e+06
5.880509187407562509e+06
5.595646972311347723e+06
5.241103921325786039e+06
4.821298945080746897e+06
4.341468896713906899e+06
3.807599769334821962e+06
3.226351188611058518e+06
2.604969330405896530e+06
1.951196403915099334e+06
1.273170680401437450e+06
5.793263759728838922e+05
-1.217135808811103634e+05
-8.282001160554459784e+05
-1.517389101120802341e+06
-2.187745996909445617e+06
-2.830955159187591635e+06
-3.439036126536740921e+06
-4.004442881513420958e+06
-4.520154166188530624e+06
-4.979761629744328558e+06
-5.377547631569489837e+06
-5.708558298079135828e+06
-5.968665014849386178e+06
-6.154618491860377602e+06
-6.264090315106294118e+06
-6.295704526440841146e+06
-6.249056225645497441e+06
-6.123086838451904245e+06
-5.921852698528261855e+06
-5.646998745813381858e+06
-5.301951071361277252e+06
-4.891011551245125942e+06
-4.419303619297265075e+06
-3.892705094042348210e+06
-3.317774364173882641e+06
4.191500367010107148e+05
-2.835246757845273823e+05
-9.826795208737060893e+05
-1.669636624215120450e+06
-2.335873435212333221e+06
-2.973124294376802631e+06
-3.573483131840770599e+06
-4.129497814483612776e+06
-4.639030304061342962e+06
-5.085667302025003359e+06
-5.469163864535995759e+06
-5.784741792691995390e+06
-6.028463900712842122e+06
-6.197283748360956088e+06
-6.289086321467680857e+06
-6.302715808882324956e+06
-6.237992025618940592e+06
-6.095713893317964859e+06
-5.877649944689896889e+06
-5.586516703869484365e+06
-5.225943401267737150e+06
-4.800426314702342264e+06
-4.315269973812091164e+06
-3.770883376111519989e+06
-3.184813929233394098e+06
-2.559220402881775983e+06
-1.901878371876658639e+06
-1.220951702451362275e+06
-5.248889820956687909e+05
1.776784878249941685e+05
8.780442976793401176e+05
1.567532058853858849e+06
2.237599763152749278e+06
2.879945068071753718e+06
3.486603702043454628e+06
4.050048277113435790e+06
4.563278362193277106e+06
5.019908576974889264e+06
5.417857985168739222e+06
5.744283367583583109e+06
5.999356117015277967e+06
6.179870372771257535e+06
6.283545581071374938e+06
6.309058444943273440e+06
6.256061843149056658e+06
6.125191523725295439e+06
5.918059943690894172e+06
5.637236514020774513e+06
5.286216105955442414e+06
4.869373623901324347e+06
4.391908912457093596e+06
3.859778435226330999e+06
3.279620132494043559e+06
2.652276902843586635e+06
1.997975029489636654e+06
1.318839300971145276e+06
6.233177709688706091e+05
-7.994572718601663655e+04
-7.822162423256519251e+05
-1.474777241251441184e+06
-2.149034894099148456e+06
-2.796624961760799401e+06
-3.409512419888741337e+06
-3.980091407544860616e+06
-4.501276265345594846e+06
-4.966590494381316938e+06
-5.370245385117994621e+06
-5.707213975107689388e+06
-5.975584221706611104e+06
-6.166695045259912498e+06
-6.281171743629193865e+06
-6.317576055388471112e+06
-6.275443497802370228e+06
-6.155290689578751102e+06
-5.958609887967450544e+06
-5.687850163124191575e+06
-5.346386943891621195e+06
-3.008343013238917105e+06
-3.609089526387655642e+06
-4.165049174954326823e+06
-4.669316611247518100e+06
-5.115622573805868626e+06
-5.498413227065495215e+06
-5.815704848094346002e+06
-6.057261516612997279e+06
-6.223554151158695109e+06
-6.312498874345970340e+06
-6.322975787459361367e+06
-6.254844288249432109e+06
-6.108946278969196603e+06
-5.887096010767858475e+06
-5.592057834465114400e+06
-5.227510234711152501e+06
-4.797999503913154826e+06
-4.308880052490431815e+06
-3.766246954407409299e+06
-3.176856371100810822e+06
-2.548041320606810506e+06
-1.880880835490000201e+06
-1.196857851932905149e+06
-4.979978698059740709e+05
2.070334595229039260e+05
9.094997134574020747e+05
1.600697743175014155e+06
2.272065393877706956e+06
2.915282912046324927e+06
3.522375851659426000e+06
4.085809952236860991e+06
4.598585216674726456e+06
5.054320475968412124e+06
5.447334626488917507e+06
5.772716999830963090e+06
6.026391666178053245e+06
6.205169682926951908e+06
6.307413895135041326e+06
6.329796156849075109e+06
6.273409975457768887e+06
6.138934030931082554e+06
-4.693366426548065618e+06
-4.189949114619279280e+06
-3.634499409832462203e+06
-3.033932657218855806e+06
-2.395718372984244954e+06
-1.727788008505584439e+06
-1.038433770128026488e+06
-3.362079508071797900e+05
3.701844577838614350e+05
1.071989872350092977e+06
1.760514744725878350e+06
2.433757355555495247e+06
3.070057019564550370e+06
3.668311587589009199e+06
4.221095398116500117e+06
4.721537462689783424e+06
5.163408219335820526e+06
5.541195900862792507e+06
5.850177882570182905e+06
6.086480373444752768e+06
6.247130290896940976e+06
6.330094476744205691e+06
6.334308467179162428e+06
6.259692122179290280e+06
6.107152712440066971e+06
5.878575174246313982e+06
5.573423157368002459e+06
5.201533241913661361e+06
4.764881102555599995e+06
4.268914348514121026e+06
3.719820008185750339e+06
3.124446559382037725e+06
2.490214531034981832e+06
1.825024029844897799e+06
1.137152998328945832e+06
4.351556721176345018e+05
-2.722458904695350211e+05
-9.762671538218936184e+05
-1.668171053272451274e+06
-2.339372387820517179e+06
-2.981544545952173881e+06
-3.592557740149480291e+06
-4.152740890428754967e+06
-4.661383062154036947e+06
-5.112161182937910780e+06
-5.499464863303953782e+06
-5.818468361724777147e+06
-6.065190748156320304e+06
-6.236548261957139708e+06
-6.330393933259250596e+06
-6.345546864733762108e+06
-6.281808314741480164e+06
-6.139965634208353236e+06
-5.921782808149226010e+06
-5.629978820311926305e+06
-5.268192259090548381e+06
-4.836349488044514321e+06
-4.348377533649138175e+06
-3.806400400855141226e+06
-3.217166709326058626e+06
-2.588007919382787775e+06
-1.926744025590974605e+06
-1.241587581540176412e+06
-5.410395565388674149e+05
1.662132555634735036e+05
8.714067698089766782e+05
1.565803992217814550e+06
2.240803162530334666e+06
2.888039630129184108e+06
3.499489311053013895e+06
4.067564147553733084e+06
4.590106208687720820e+06
5.050276508299301378e+06
5.447776388067661785e+06
5.777639648508861661e+06
6.035734859165418893e+06
6.218818278582014143e+06
-1.705053165772649925e+06
-1.012721937206315808e+06
-3.078375789617723785e+05
4.008611514332466177e+05
1.104593424887984060e+06
1.794640751474468736e+06
2.462454804832119495e+06
3.099758666075009387e+06
3.698649287706574425e+06
4.256966783365749754e+06
4.756727314281807281e+06
5.197477665185661986e+06
5.573720154618876055e+06
5.880750353410960175e+06
6.114719004234271124e+06
6.272681662475717254e+06
6.352639063764954917e+06
6.353564442540737800e+06
6.275419172787743621e+06
6.119155264169104397e+06
5.886704502226811834e+06
5.580955253860717639e+06
5.205715230615451001e+06
4.765663710416885093e+06
4.266290311150565743e+06
3.708054661424268968e+06
3.108961382243066560e+06
2.471204802616307512e+06
1.802727272765775211e+06
1.111848019994305447e+06
4.071572068855338730e+05
-3.025899375470841187e+05
-1.008580162729016971e+06
-1.702052179364390671e+06
-2.374401312598512508e+06
-3.017286465679225046e+06
-3.622729522223992273e+06
-4.183214746016109828e+06
-4.691778989489760250e+06
-5.142099427212650888e+06
6.309316839634384960e+06
6.370378507794019766e+06
6.352180445983151905e+06
6.254923636606462300e+06
6.079799788441020995e+06
5.828977826112358831e+06
5.505576449862843379e+06
5.113625346091479994e+06
4.658012454144411720e+06
4.144422243439891841e+06
3.579261040742240380e+06
2.969576406099383254e+06
2.322965320537800435e+06
1.647479759726482211e+06
9.515232802296319278e+05
2.366405224372602534e+05
-4.741470316679917159e+05
-1.179048238326183520e+06
-1.869316087845291710e+06
-2.536385885756367352e+06
-3.171981700096164830e+06
-3.768215032374022529e+06
-4.317683205112059601e+06
-4.813558367127102800e+06
-5.249673547517629340e+06
-5.620598887596117333e+06
-5.921709841009469703e+06
-6.149247242408760823e+06
-6.300365060712909326e+06
-6.373168614848628640e+06
-6.366274609124220908e+06
-6.279896598592979833e+06
-6.115434218347610906e+06
-5.874935072251860984e+06
-5.561397883623342030e+06
-5.178733307272028178e+06
-4.731714547220160253e+06
-4.225914623995138332e+06
-3.667636176569583360e+06
-3.063829262697264552e+06
-2.422004867626366206e+06
-1.750138333530740812e+06
-1.056571746959141223e+06
-3.499084318067390705e+05
3.610906117076432565e+05
1.074628846405980876e+06
1.767751339607839240e+06
2.438973730256478302e+06
3.079976944212256465e+06
3.682812206191327889e+06
4.239995777662507258e+06
4.744602633006876335e+06
5.190350394159078598e+06
5.571679606894816272e+06
5.883822902087851427e+06
6.122867700767535716e+06
6.285806618301639333e+06
6.370578628642797470e+06
6.376097138298104517e+06
6.302266394197999500e+06
6.148071256517088972e+06
5.918467855306358077e+06
5.615172308108662255e+06
5.241961763714855537e+06
4.803490195371717215e+06
4.305227287555241957e+06
3.753389348676694091e+06
3.154857816999596544e+06
2.517092988821439445e+06
1.848037297368064290e+06
1.156017161698040552e+06
4.496366656393270241e+05
-2.623270610016474384e+05
-9.710340061829033075e+05
-1.667688750049113762e+06
-2.350273613693238702e+06
-2.996816907421957236e+06
5.835182699234085158e+06
5.507746138504918665e+06
5.111734901732588187e+06
4.652088451939448714e+06
4.134541083202628884e+06
3.565548437698934693e+06
2.952205433128094301e+06
2.302154059026642237e+06
1.623488460488113575e+06
9.246510617825157242e+05
2.143293884143097966e+05
-4.986537310575296870e+05
-1.205446415310502052e+06
-1.897278290549411438e+06
-2.572100732542617712e+06
-3.208192241640136112e+06
-3.804471116933073383e+06
-4.353533440060569905e+06
-4.848555637514507398e+06
-5.283380721098852344e+06
-5.652593667319170199e+06
-5.951591229976101778e+06
-6.176639656298062764e+06
-6.324924074170657434e+06
-6.394584892612347379e+06
-6.384743362157684751e+06
-6.295513852011654526e+06
-6.128003379204779863e+06
-5.884298391941834241e+06
-5.563912404104619287e+06
-5.177180225374535657e+06
-4.726113244726044126e+06
-4.216335889048739336e+06
-3.654199586162291467e+06
-3.046703193880747072e+06
-2.401402357290260494e+06
-1.726316286379285390e+06
-1.029825558453949401e+06
-3.205704918019135948e+05
3.926572343327160343e+05
1.101019625188602135e+06
-3.942080656120589003e+06
-4.480056898993702605e+06
-4.962419475758815184e+06
-5.387044251474007964e+06
-5.740242439688112587e+06
-6.022130084476628341e+06
-6.229186076906652190e+06
-6.358818939910325222e+06
-6.409401819325102493e+06
-6.380294188472024165e+06
-6.271851409725649282e+06
-6.085421210709746927e+06
-5.823326641140867025e+06
-5.488837077625364065e+06
-5.086125336016678251e+06
-4.620214902954431251e+06
-4.096913909858336207e+06
-3.522742043807291891e+06
-2.898471519591603894e+06
-2.244214881933579687e+06
-1.562124827017792966e+06
-8.606681474481127225e+05
-1.485440500224945717e+05
5.654202948184532579e+05
1.272379598949950654e+06
1.963575494941722602e+06
2.630444795381180476e+06
3.264720941903373227e+06
3.858536454876997508e+06
4.404516897850658745e+06
4.895873441717698239e+06
5.326485447950494476e+06
5.690978995648887940e+06
5.987362034708012827e+06
6.206053567164494656e+06
6.347593965933803469e+06
6.410189063014513813e+06
6.393029764291629195e+06
6.296304755584970117e+06
6.121199984882637858e+06
5.869884543533104472e+06
5.545484275423292071e+06
5.152041240081757307e+06
4.694462841900769621e+06
4.178457552531037014e+06
3.610461750753634144e+06
2.997557892252441961e+06
2.347382463803600054e+06
1.661118387977879262e+06
9.608787563222532626e+05
2.487044838699388783e+05
-4.665574524101829738e+05
-1.176027686545416946e+06
-1.870902223020989681e+06
-2.542558938058823347e+06
-3.182664466778891627e+06
-3.783273598881005775e+06
-4.336928435168608092e+06
-4.836748134571290575e+06
-5.276515885000312701e+06
-5.650755017806775868e+06
-5.954799612002692185e+06
-6.184852985641897656e+06
-6.339174237411581911e+06
-6.412775778984465636e+06
-6.406646201155312359e+06
-6.320853791038791649e+06
-6.156462990971328691e+06
-5.915521697549870238e+06
-5.601034765720856376e+06
-5.216926179302434437e+06
-4.767987427141419612e+06
-4.259816921948328614e+06
-3.698746586692912038e+06
-3.091762496286743321e+06
-2.446414371258976869e+06
-1.770722402452218812e+06
-6.046173233663093299e+06
-6.252076838814845309e+06
-6.381152358489738777e+06
-6.429226377467559651e+06
-6.397360096467494033e+06
-6.285943775188373402e+06
-6.096362603072078899e+06
-5.830979824553710409e+06
-5.493105977016272023e+06
-5.086957106510357931e+06
-4.617599467101455666e+06
-4.090884501176891848e+06
-3.513374458387386519e+06
-2.892257122567483224e+06
-2.235256604799871333e+06
-1.550534334722549887e+06
-8.465895078205746831e+05
-1.249845197723323363e+05
5.910616679991260171e+05
1.299785193913097028e+06
1.992405824822638882e+06
2.660342563508333173e+06
3.295315319077817257e+06
3.889447553669210058e+06
4.435360400673034601e+06
4.926265341474118643e+06
5.356046848090892658e+06
5.719340907576976344e+06
6.011602127266600728e+06
6.229163866879924200e+06
6.369285786887025461e+06
6.430191641484835185e+06
6.410498666192451492e+06
6.310816992055679671e+06
6.132575543733990751e+06
5.877983115543253720e+06
5.550206942453395575e+06
5.153331574772152118e+06
4.692307439385316335e+06
4.172885765861643013e+06
3.601545985813034698e+06
-6.753718206020239741e+05
4.134617403158611705e+04
7.575514574295498896e+05
1.464371326545953983e+06
2.153049867935086135e+06
2.815053095659630839e+06
3.448242499140460044e+06
4.032235506625205744e+06
4.566234305642422289e+06
5.043595746715991758e+06
5.458370816962848417e+06
5.805379368504244834e+06
6.080277599080487154e+06
6.279613553137627430e+06
6.400873872139054351e+06
6.442517422430505045e+06
6.403997611246951856e+06
6.285771298924326897e+06
6.089294507898233831e+06
5.817005334075224586e+06
5.472292727793992497e+06
5.054998424093634821e+06
4.578582152353405021e+06
4.045188796531897970e+06
3.461470532088651322e+06
2.834704245846766979e+06
2.172697003321844153e+06
1.483689348689592211e+06
7.762498439534431091e+05
5.917064710925686813e+04
-6.586433375976907555e+05
-1.368281477419061586e+06
-2.060938556654598564e+06
-2.728019788653886411e+06
-3.361247669068466406e+06
-3.952760807313004974e+06
-4.500365567527602427e+06
-4.986421442196496762e+06
-5.410559410756492987e+06
-5.767495028466507792e+06
-6.052775935112090781e+06
-6.262837919909297489e+06
-6.395052261411112733e+06
-6.447759873301479034e+06
-6.420294239804064855e+06
-6.312990944005218334e+06
-6.127184162013689987e+06
-5.865190412550711073e+06
-5.530278385485243984e+06
-5.126627658731622621e+06
-4.659273645601138473e+06
-4.128520973325831350e+06
-3.551480922861400060e+06
-2.930360638840621337e+06
-2.272883633935520425e+06
-1.587218604978227755e+06
-8.818755905691600638e+05
-1.656030398939169245e+05
5.527213930976185948e+05
1.264198162808807567e+06
1.960012920447487617e+06
2.631545169932976831e+06
3.270470403161430266e+06
3.868863290104183368e+06
4.419292368136228062e+06
4.914913362516327761e+06
5.349552485016194172e+06
5.721116337591574527e+06
6.017606636687606573e+06
6.239323760995050892e+06
6.383475866738144308e+06
6.448236728792351671e+06
6.432770849653784186e+06
6.337246465155027807e+06
6.162835227765101008e+06
5.911698214302331209e+06
5.586959576327503659e+06
2.845500301830091979e+06
3.473124347587942611e+06
4.057700335250653327e+06
4.591965333623351529e+06
5.069272635350196622e+06
5.487481086229899898e+06
5.833095179367092438e+06
6.106252340778949670e+06
6.303522678203475662e+06
6.422418382838112302e+06
6.461428293408965692e+06
6.420039043563346379e+06
6.298743768093001097e+06
6.099037552525742911e+06
5.823399026212204248e+06
5.475259832772221416e+06
5.058959882460599765e+06
4.579692595438533463e+06
4.043436845126465429e+06
3.456880425104285590e+06
2.820848555406662170e+06
2.155845605902254116e+06
1.464052427092265803e+06
7.540727011386490194e+05
3.472876257012012502e+04
-6.850464909893684089e+05
-1.396318311927734176e+06
-2.090261235548634781e+06
-2.758264325272264890e+06
-3.392038241685307585e+06
-3.983714252357685938e+06
-4.525942663420991972e+06
-5.011981563896643929e+06
-5.435782379393754527e+06
-5.792064278652247973e+06
-6.078849547475093976e+06
-6.286881812010408379e+06
-6.416763605500510894e+06
-6.466865033569954336e+06
-6.436552381946334615e+06
-6.326197204013030976e+06
4.960156883946962655e+06
4.466383793428104371e+06
3.917036699633990414e+06
3.318966505706099328e+06
2.679626335123705212e+06
2.006978743030082900e+06
1.309393283925959142e+06
5.955439687826361042e+05
-1.257006079091097345e+05
-8.525429101840064395e+05
-1.561584334266861202e+06
-2.251245710367564112e+06
-2.912970077568741981e+06
-3.538544187105833087e+06
-4.120200913106342778e+06
-4.650712571135850623e+06
-5.123482076324203052e+06
-5.532623481263875030e+06
-5.873037601849838160e+06
-6.140475669754631817e+06
-6.331595227691910230e+06
-6.444003008568380028e+06
-6.476287398990630172e+06
-6.428037400330458768e+06
-6.298168069346087985e+06
-6.090865723615573719e+06
-5.807828128091377206e+06
-5.452588046052684076e+06
-5.029578690670844167e+06
-4.544077553366546519e+06
-4.002137017077561468e+06
-3.410508263128509745e+06
-2.776553526369642466e+06
-2.108154920142739080e+06
-1.413613640487405472e+06
-7.015489678617798490e+05
1.921014730148136368e+04
7.397308199105790118e+05
1.451087180387128377e+06
2.151279904190811794e+06
2.817782400629728101e+06
3.449368139401996974e+06
4.038200557668840513e+06
4.576964183394103311e+06
5.058956769101630896e+06
5.478171164910446852e+06
5.829372734364197589e+06
6.108165109312007204e+06
6.311048587183807977e+06
6.435465717458344065e+06
6.479836749001069926e+06
6.443581629462776706e+06
6.327129619015128352e+06
6.131915239882609807e+06
5.860361401216920465e+06
5.512048564816150814e+06
5.098209274019342847e+06
4.620915727388148196e+06
4.086122150901839603e+06
3.500498066916948650e+06
2.871343667220763396e+06
2.206495203787777107e+06
1.514227986410044599e+06
8.031505419122199528e+05
8.209976951976225246e+04
-6.399704171643489972e+05
-1.354096655449140351e+06
-2.051417914906677790e+06
-2.723281175380449742e+06
-3.361349027110327967e+06
-3.963426517749400809e+06
-4.510124536591568962e+06
-5.000828195411369205e+06
-5.429430734918720089e+06
-5.790591422203755006e+06
-6.079804735402305610e+06
-6.293457133208942600e+06
1.995495857382294489e+06
1.295437059676473029e+06
5.792880967909762403e+05
-1.440540457715161610e+05
-8.656074793484469410e+05
-1.576417454875385622e+06
-2.267663321693609469e+06
-2.930768215414766222e+06
-3.563558463816126343e+06
-4.145658485671430826e+06
-4.676295874333041720e+06
-5.148871059508779086e+06
-5.557499868056940846e+06
-5.897088947655583732e+06
-6.163399402389528230e+06
-6.353102600958903320e+06
-6.463822906263347715e+06
-6.494169912653280422e+06
-6.443757125395981595e+06
-6.313208040400788188e+06
-6.104149011563982815e+06
-5.819188284387216903e+06
-5.461883135685713030e+06
-5.032115561809781939e+06
-4.543749110081770457e+06
-3.998948027606813703e+06
-3.404499142417195253e+06
-2.767799666932964232e+06
-2.096765625662133098e+06
-1.399730671882174909e+06
-6.853447460402299184e+05
3.753467326705802407e+04
7.599486011054790579e+05
1.472947786583311856e+06
2.167698837568226270e+06
2.835593373543927912e+06
3.468350095332009718e+06
4.058117613174292725e+06
4.602685625845336355e+06
5.084506909065070562e+06
5.503231328240963630e+06
-6.486970607335653156e+06
-6.498534875695406459e+06
-6.429282348241715692e+06
-6.280072538746223785e+06
-6.052765306712402962e+06
-5.750197673489024863e+06
-5.376146539625820704e+06
-4.935280785798126832e+06
-4.433099714721663855e+06
-3.875863606568732765e+06
-3.270511931039225310e+06
-2.624576883194417227e+06
-1.939165431998808403e+06
-1.236347522747633746e+06
-5.182045678135901690e+05
2.063595922215748287e+05
9.283671439388960134e+05
1.638873037338997005e+06
2.329075600115709938e+06
2.990420777792247944e+06
3.614708030722164549e+06
4.194188080750249792e+06
4.721659914524103515e+06
5.190558049958293326e+06
5.595036389014190994e+06
5.930040861742324196e+06
6.191375766832058318e+06
6.377204127165004611e+06
6.481505103827410378e+06
6.505179673817750067e+06
6.447907286664861254e+06
6.310381175359223038e+06
6.094300750888151117e+06
5.802351206541694701e+06
5.438168832312846556e+06
5.006295305556023493e+06
4.512118204445191659e+06
3.961801879893514793e+06
3.362208998809583951e+06
2.720811207425007131e+06
2.045596157227001851e+06
1.344964804335385328e+06
6.276285402414062992e+05
-1.047612674793961633e+05
-8.286224949499951908e+05
-1.542199301094734343e+06
-2.236636564751238097e+06
-2.903317653617171571e+06
-3.533967202104852535e+06
-4.120754342288582120e+06
-4.656386846985697746e+06
-5.134203166723543778e+06
-5.548253819241419435e+06
-5.893377888019910082e+06
-6.165267487410197034e+06
-6.360524457198990509e+06
-6.476703953493861482e+06
-6.512347581224415451e+06
-6.466141536088468507e+06
-6.339571046203936450e+06
-6.134160492527261376e+06
-5.852472990583027713e+06
-5.498025426519739442e+06
-5.075242068445260637e+06
-4.589398446850131266e+06
-4.046551945618222933e+06
-3.453465613472498488e+06
-2.817520249745475128e+06
-2.146623000009915791e+06
-1.449106254380615894e+06
-7.336262930457168259e+05
-9.054434244028876492e+03
7.156291813670685515e+05
1.438530321450948250e+06
2.136392795467113145e+06
2.807786696733522695e+06
3.444387512817607727e+06
-5.756836110723558813e+06
-5.379977955680666491e+06
-4.936257729406091385e+06
-4.431210587954715826e+06
-3.871132642980837729e+06
-3.262998716830647085e+06
-2.614375464986848645e+06
-1.933324063763163052e+06
-1.228301562924004393e+06
-5.080539709713330958e+05
2.184889622007520811e+05
9.495192469735781197e+05
1.661519131930655101e+06
2.352935076000030618e+06
3.015197770472416654e+06
3.640094975937425159e+06
4.219869445032438263e+06
4.747316073307683691e+06
5.215869269690506160e+06
5.619686865764194168e+06
5.953722761866291985e+06
6.213793204863238148e+06
6.396630513577400707e+06
6.499927542702651583e+06
6.522368723179276101e+06
6.463649319342210889e+06
6.322688143222189508e+06
6.104016256379096769e+06
5.809356177959172986e+06
5.442378387755711563e+06
5.007659661360382102e+06
4.510622895317886956e+06
3.957468586033757776e+06
3.355093574638709892e+06
2.711004668186527211e+06
2.033221724111368414e+06
1.330177314345316729e+06
6.106122832142626867e+05
-1.165346017632110015e+05
-8.422344170687567675e+05
-1.557480961052385159e+06
4.353490540083538741e+06
4.868445174876822159e+06
5.322997385182878934e+06
5.711476235029999167e+06
6.029025361253271811e+06
6.271664522182569839e+06
6.436342954344684258e+06
6.520979548005421646e+06
6.524492116922104731e+06
6.446813018870530650e+06
6.288891768531905487e+06
6.052684401211583056e+06
5.741128799269529060e+06
5.358107340205396526e+06
4.908397574660418555e+06
4.392214131957279518e+06
3.826206456150182057e+06
3.212615776597484015e+06
2.559086235887238756e+06
1.873754292305387557e+06
1.165144672778912820e+06
4.420648363737208419e+05
-2.865030961479792604e+05
-1.011514795762161026e+06
-1.723972028626343235e+06
-2.415034674989730585e+06
-3.076126126042507123e+06
-3.699040068471503910e+06
-4.276038796126201749e+06
-4.799950415042012930e+06
-5.264255936572658829e+06
-5.666813919212046079e+06
-5.994640725251134485e+06
-6.247964899155611172e+06
-6.423618504699025303e+06
-6.519401348576704040e+06
-6.534109819762283005e+06
-6.467553769587206654e+06
-6.320559805663134903e+06
-6.094961016399014741e+06
-5.793574056921248324e+06
-5.420162064119285904e+06
-4.979386864709876478e+06
-4.476747452890493907e+06
-3.918510506107285619e+06
-3.311628486990704667e+06
-2.656992644310843199e+06
-1.975689039809034672e+06
-1.269888846624991158e+06
-5.483479890273956116e+05
1.799875540944511304e+05
9.060932390049104579e+05
1.620973229566029739e+06
2.315771629917138256e+06
2.981877368621565402e+06
3.611030814121356234e+06
4.195422247043877840e+06
4.727789646100839600e+06
5.201506719659105875e+06
5.610667555172850378e+06
5.950160015131684020e+06
6.218003175478916615e+06
6.405534311567774042e+06
6.513416026612530462e+06
6.540275836961592548e+06
6.485754104956558906e+06
6.350510383929646574e+06
6.136216199940581806e+06
5.845534953862967901e+06
5.482087634468559176e+06
5.050406465622882359e+06
4.555877118491006084e+06
4.004668004940911196e+06
3.403652584481548984e+06
2.760319758473461494e+06
2.082680728274783585e+06
1.372029653719551163e+06
6.293256285664104857e+06
6.456243575747563504e+06
6.538940635671499185e+06
6.540289863354381174e+06
6.460251098036141135e+06
6.299803830789767206e+06
6.060936141805301420e+06
5.746619418305227533e+06
5.360771236850347370e+06
4.908203962574771605e+06
4.394563901017612778e+06
3.826257118425698020e+06
3.210368888201011345e+06
2.554571793800511397e+06
1.860022166450916557e+06
1.149098605198217323e+06
4.239051792612489662e+05
-3.065513120417663013e+05
-1.033202187243690831e+06
-1.747030098610180663e+06
-2.439176646615514997e+06
-3.101052292339356150e+06
-3.724440214727055747e+06
-4.301596208846347407e+06
-4.825345748999928124e+06
-5.289171181325404905e+06
-5.687295029013881460e+06
-6.014751649702018127e+06
-6.267452090278302319e+06
-6.443582173088185489e+06
-6.537451617116710171e+06
-6.550018898550576530e+06
-6.481120978802849539e+06
-6.331614199614765123e+06
-6.103363570896208286e+06
-5.799219403536040336e+06
-5.422979735525876284e+06
-4.979342061609863304e+06
-4.473841319466544315e+06
-3.912779946845035534e+06
-3.303145528878218494e+06
2.538801570491322782e+05
-4.774140382847238798e+05
-1.202782581516801845e+06
-1.920222222116049379e+06
-2.606638631615462247e+06
-3.260704977179408073e+06
-3.874300479729364160e+06
-4.439801031046709046e+06
-4.950175213848389685e+06
-5.399069965866865590e+06
-5.780892000497740693e+06
-6.090877393119296059e+06
-6.325153915861487389e+06
-6.480790811266835779e+06
-6.555837397833871655e+06
-6.549349622736536898e+06
-6.461402991973689757e+06
-6.293092350495953113e+06
-6.043667044740810990e+06
