4.382576131479577161e+06
4.035623467627955601e+06
3.638584212775339372e+06
3.196394475405700039e+06
2.714545090788553003e+06
2.199015952528727707e+06
1.656201705562975723e+06
1.092835646474824520e+06
5.159062487121796585e+05
-6.742759364697242563e+04
-6.499237475075898692e+05
-1.224347942101311870e+06
-1.783561860413274961e+06
-2.320614284868535586e+06
-2.828826782614586875e+06
-3.301879824894569814e+06
-3.737985466507111676e+06
-4.123097339072091971e+06
-4.456965626627149992e+06
-4.735450056521023624e+06
-4.955103179751300253e+06
-5.113213731214852072e+06
-5.207838646100274287e+06
-5.237826206794383004e+06
-5.202828169691183604e+06
-2.555975213072684710e+05
-8.347008020015453221e+05
-1.403436130716057261e+06
-1.954734711849483661e+06
-2.481742856728414539e+06
-2.977906622016065754e+06
-3.441441240041296929e+06
-3.857414220520013012e+06
-4.225442146264318377e+06
-4.540956531574246474e+06
-4.800046998221006244e+06
-4.999508896384517662e+06
-5.136883362695463002e+06
-5.210486062957659364e+06
-5.219426902127322741e+06
-5.163618876165066846e+06
-5.043777096823789179e+06
-4.861408112405947410e+06
-4.618789167216151953e+06
-4.318939367629896849e+06
-3.965580932839939371e+06
-3.558837604626462795e+06
-3.111791922531071585e+06
-2.626187785061915871e+06
-2.108034320946283638e+06
-1.563745639499155572e+06
-1.000061865814242861e+06
-4.239692931108986959e+05
1.573864937925377744e+05
7.367864642907991074e+05
1.307029324404647574e+06
1.861019558316375827e+06
2.391858553617099300e+06
2.892930317129360512e+06
3.357987570694459602e+06
3.781230187221909408e+06
4.160888398454578593e+06
4.484720632781917229e+06
4.752699299829317257e+06
4.961494837073958479e+06
5.108521034541856498e+06
-4.994835392045116052e+06
-4.799327587775457650e+06
-4.544343096618069336e+06
-4.233052427458307706e+06
-3.869318596827287227e+06
-3.457648582945161033e+06
-3.003139628728916403e+06
-2.511416336825600825e+06
-1.988564398441868136e+06
-1.441055789047581144e+06
-8.699518564956939081e+05
-2.936286922475951142e+05
2.863395172435434652e+05
8.627501185701715294e+05
1.428436308741710847e+06
1.976358619313471951e+06
2.499691890751935076e+06
2.991913706422434654e+06
3.446886032653939910e+06
3.858935463343949057e+06
4.222924571290216409e+06
4.534319021896293387e+06
4.789244182147284970e+06
4.984535003514536656e+06
5.117774535384754650e+06
5.187694171730251051e+06
5.192064024103828706e+06
5.131867980457135476e+06
5.007880692900937982e+06
4.821668365687417798e+06
4.575567651892459951e+06
4.272654376431069337e+06
3.916704998083119746e+06
3.512148257923438679e+06
3.064011482851011679e+06
2.577857635886945762e+06
2.059718912777039688e+06
1.516021844471676042e+06
9.535108071040315554e+05
3.791640970720424084e+05
-2.056796328294017003e+05
-7.821899645081090275e+05
-1.348983808810066665e+06
-1.899017306590085384e+06
-2.425451518238998018e+06
-2.921740385845483281e+06
-3.381711895186050329e+06
-3.799647762905006763e+06
-4.170355260377791710e+06
-4.489232485511688516e+06
-4.752327169125313871e+06
-4.956384819361113012e+06
-5.098889426279740408e+06
-5.178092913595356047e+06
-5.193035667864257470e+06
-5.143556242722751573e+06
-5.028840740411438979e+06
-4.852601650688958354e+06
-4.616221682413516566e+06
-4.322642698000430129e+06
-3.975509294189024251e+06
-3.579124693229092751e+06
-3.138397123976504896e+06
-2.658781684917422011e+06
-2.146213224152792711e+06
-1.607036463339118287e+06
-1.047927904514726019e+06
-4.758167576228673570e+05
1.022012017250171921e+05
6.789488524633104680e+05
1.247258352219812572e+06
1.805484903095722198e+06
2.335635043288249522e+06
2.836718196918214671e+06
3.302487356198275462e+06
3.727133888527310919e+06
4.105363542316678446e+06
-3.432163752289549913e+06
-2.979503564671914093e+06
-2.489921685581620783e+06
-1.969476419288220117e+06
-1.424610822214320768e+06
-8.620733114442564547e+05
-2.888375836249982822e+05
2.879842924313206458e+05
8.612275437894373899e+05
1.429312876921453746e+06
1.973932293357664021e+06
2.493992702100098599e+06
2.983011719702470582e+06
3.434892275510020554e+06
3.843999199232231360e+06
4.205232944570234977e+06
4.514093560526338406e+06
4.766739117972740903e+06
4.960033142684768885e+06
5.091584327378530987e+06
5.159774838262922131e+06
5.163779414416988380e+06
5.103573511671696790e+06
4.979931463580282405e+06
4.792254487884069793e+06
4.546609194240044802e+06
4.244513234639256261e+06
3.889731635373117402e+06
3.486678452703311574e+06
3.040361056644978002e+06
2.556320050266053062e+06
2.040560325355059700e+06
1.499479604401264340e+06
9.397890036396267824e+05
3.684329460932682850e+05
-2.074974114988940419e+05
-7.808508203271096572e+05
-1.344503846632314380e+06
-1.891451303339539561e+06
-2.419985917298051994e+06
-2.913079515378546435e+06
4.562811465146182105e+06
4.801854464393692091e+06
4.981113139926450327e+06
5.098372015546042472e+06
5.152192423113214783e+06
5.141928451701147482e+06
5.067733172282685526e+06
4.930554591833232902e+06
4.732121489387919195e+06
4.474920476069140248e+06
4.162163012586212717e+06
3.797745451292063110e+06
3.386199401395276655e+06
2.927907865194988903e+06
2.437624068923287094e+06
1.917093958145203069e+06
1.372773466444565682e+06
8.114150451498735929e+05
2.399835353035824664e+05
-3.344274328292112914e+05
-9.046847390042780899e+05
-1.463702476303880336e+06
-2.004532281609305646e+06
-2.520448862305003218e+06
-3.005036630721473135e+06
-3.452269327146436553e+06
-3.856587995666667819e+06
-4.212969985829541460e+06
-4.519756114065307193e+06
-4.767077024671615101e+06
-4.955182566227358766e+06
-5.081756024264457636e+06
-5.145248395332706161e+06
-5.144895456045106053e+06
-5.080725469801533036e+06
-4.953556572060097940e+06
-4.764984981809966266e+06
-4.517363250947552733e+06
-4.213770698460393585e+06
-3.857974104341349564e+06
-3.454382341526654549e+06
-3.007991621156174690e+06
-2.524326444416886196e+06
-2.009371697713441914e+06
-1.464000104708290426e+06
-9.057543671943667578e+05
-3.362683935627713799e+05
2.373926384566242923e+05
8.081036134112750879e+05
1.368769691367428983e+06
1.912413259380462812e+06
2.432263725857945625e+06
2.921841783798688091e+06
3.375043806278147269e+06
3.786218490223945118e+06
4.150240769518879242e+06
4.462576090955122374e+06
4.719339283256845549e+06
4.917342528741175309e+06
5.055188212319222279e+06
5.128453324257359840e+06
5.137923597669401206e+06
5.083506225288798101e+06
4.965903271903805435e+06
4.786600956675183959e+06
4.547848837414213456e+06
4.252630850119416602e+06
3.904626438914693892e+06
3.508165379761554301e+06
3.068173124161275104e+06
2.590111703460940626e+06
2.079911767975044902e+06
1.543902020085911267e+06
9.887306424916674150e+05
4.155733151943082921e+05
-1.571186969518756669e+05
-7.278589009571525967e+05
5.113428475549163297e+06
5.038775154151456431e+06
4.901501903670646250e+06
4.703338305221158080e+06
4.446766584449928254e+06
4.134990010841759387e+06
3.771891473749214783e+06
3.361986070536682848e+06
2.910364323596307077e+06
2.422631260353616904e+06
1.904836762661013519e+06
1.363403600952677429e+06
7.994019646538515808e+05
2.309874812710044789e+05
-3.402953691525652539e+05
-9.073509759616247611e+05
-1.463133703529258026e+06
-2.000734152382057859e+06
-2.513467795691594947e+06
-2.994957699247264769e+06
-3.439216949911083095e+06
-3.840723055368676782e+06
-4.194489173075516708e+06
-4.496126384266548790e+06
-4.741898349784230813e+06
-4.928768315669026226e+06
-5.054435237178439274e+06
-5.117670789215760306e+06
-5.116463322389100678e+06
-5.051793385710016824e+06
-4.924485183037671261e+06
-4.736136129524705932e+06
-4.489095882144658826e+06
-4.186435671270923689e+06
-3.831910723571818322e+06
-3.429913156921511982e+06
-2.985419738935247064e+06
-2.503930543313404545e+06
-1.991404198686441407e+06
-1.454184670065620681e+06
-8.989263593326387927e+05
-1.574191062366740080e+06
-2.110826891183439642e+06
-2.615803258749708533e+06
-3.088262978292321786e+06
-3.522331064202773850e+06
-3.912613221101424657e+06
-4.254262727189316414e+06
-4.543042703563526273e+06
-4.775377916635282338e+06
-4.948399750678403303e+06
-5.059980134963456541e+06
-5.108757037088067271e+06
-5.094149152142789215e+06
-5.016361214325999841e+06
-4.876379463434208184e+06
-4.675957450722792186e+06
-4.414726946853599511e+06
-4.101101486663788557e+06
-3.736669073982850183e+06
-3.325943368010685779e+06
-2.874008436147457920e+06
-2.386456366217770148e+06
-1.869320447384620551e+06
-1.329003245502339676e+06
-7.721978108550424222e+05
-2.058081214767736965e+05
3.631371333937384770e+05
9.275694242121157004e+05
1.480470113863539882e+06
2.014956699819793692e+06
2.524371575596353970e+06
3.002365029886760283e+06
3.447176354604873341e+06
3.844460684630907141e+06
4.193868228058960754e+06
4.491048434400057420e+06
4.732307000783306547e+06
4.914651266054197215e+06
5.035827871675960720e+06
5.094349199265117757e+06
5.089510687463372014e+06
5.021397447742328979e+06
4.890881054099375382e+06
4.699606836735648103e+06
4.449971191613150761e+06
4.145091030131508596e+06
3.788763449729089625e+06
3.381165001582849771e+06
2.935420429977810010e+06
2.453253146613643505e+06
1.940643909060929436e+06
1.403951109753706492e+06
8.498317933365701465e+05
2.851621162337414571e+05
-2.830487563967654132e+05
-8.477433369866112480e+05
-1.401905273151770467e+06
-1.938645246431621956e+06
-2.451289348207669333e+06
-2.933461666210358497e+06
-3.379166698581603821e+06
-3.782863860540591180e+06
-4.142852857560152188e+06
-4.447545856903184205e+06
-4.696976336215703748e+06
-4.888061639898082241e+06
-5.018448633793804795e+06
-5.086540966627280228e+06
-5.091517528418997303e+06
-5.033340400410890579e+06
-4.912753336701845750e+06
-4.731270529856554233e+06
-4.491156651494156569e+06
-4.195397237702925690e+06
-3.847662128587043379e+06
-3.452259417503830511e+06
-3.014084203314705752e+06
-3.895637254832080100e+06
-4.234825909079429694e+06
-4.521386308953633532e+06
-4.751771704716007225e+06
-4.923137739399036393e+06
-5.033377501030911691e+06
-5.081145619067796506e+06
-5.065873431170778349e+06
-4.987773825456886552e+06
-4.847836592343633994e+06
-4.647814278038104065e+06
-4.390199469023734331e+06
-4.078192524714382365e+06
-3.715662655322926585e+06
-3.307099588753462769e+06
-2.852876270455349237e+06
-2.367598549914123490e+06
-1.852970142365294741e+06
-1.315362011436566012e+06
-7.614347036196620902e+05
-1.980559068423434219e+05
3.677818294535475434e+05
9.290491706124601187e+05
1.478765680083490675e+06
2.010089215687622083e+06
2.516400705716042314e+06
2.991390074363966938e+06
3.429135291066098027e+06
3.824179756314549129e+06
4.171600791103886440e+06
4.469753102331392467e+06
4.709032548713108525e+06
4.889690556378717534e+06
5.009494856571254320e+06
5.066975306849828921e+06
5.061440197301133536e+06
4.992983071355767548e+06
4.862479460343956947e+06
4.671573729663020931e+06
4.422657284448631108e+06
4.118836927377595566e+06
-2.255369937561056111e+06
-1.736782070281242952e+06
-1.196653612026590854e+06
-6.416766614738722565e+05
-7.308802249410166405e+04
4.908060815879272413e+05
1.048600326298656873e+06
1.593355925566911232e+06
2.118291011402351782e+06
2.616865835757282097e+06
3.082865533275601454e+06
3.510480985962546431e+06
3.894381767032073811e+06
4.229785720652884804e+06
4.512518677491007373e+06
4.739068287399495952e+06
4.906626954540899955e+06
5.013126923113564961e+06
5.057264266734706238e+06
5.038513746761219576e+06
4.956005966726615094e+06
4.812422771802004427e+06
4.609065412777226418e+06
4.348478333551773801e+06
4.033912163883518428e+06
3.669281929569593165e+06
3.259119477345351130e+06
2.808516673962808214e+06
2.323064613234792370e+06
1.808784218504327582e+06
1.272054633173641516e+06
7.195339168771500699e+05
1.580793707237370545e+05
-4.053384967030544649e+05
-9.637203839424455073e+05
-1.515507528745482443e+06
-2.042923931810043985e+06
-2.544945803130096756e+06
-3.015329265080134384e+06
-3.448225897182946559e+06
-3.838255400902670808e+06
-4.180575046705074608e+06
-4.470939375600282103e+06
-4.705754250152607448e+06
-4.882120180598192848e+06
-4.997868091912062839e+06
-5.051584189984434284e+06
-5.042626005169211887e+06
-4.971128135938358493e+06
-4.837998587326739915e+06
-4.642679429326954298e+06
-4.391468778124853969e+06
-4.085850541139698587e+06
-3.729614340443648864e+06
-3.327172538676969241e+06
-2.883505645688517950e+06
-2.404103603720827494e+06
-1.894898591516651912e+06
-1.362194126118602930e+06
-8.125896370594651671e+05
-2.528988049493367434e+05
3.099320444623368676e+05
8.689114057636560174e+05
1.417087785987728043e+06
1.947638699688103516e+06
2.458874285527047236e+06
2.934310522214206867e+06
3.373214071057238150e+06
3.770114213324381970e+06
4.120065384532924742e+06
4.418711544974666089e+06
4.662340264937032014e+06
4.847930192857218906e+06
4.973187492570418864e+06
5.036573937696986832e+06
5.037324073722199537e+06
4.975453000185577199e+06
4.881569585461981478e+05
1.042919193672841415e+06
1.584713075353118358e+06
2.111892733694286086e+06
2.607461504093722440e+06
3.070572410082512535e+06
3.495451962228967343e+06
3.876805009513615165e+06
4.209881115091727115e+06
4.490536254890706390e+06
4.715284081887247041e+06
4.881340270954014733e+06
4.986655825285952538e+06
5.029941857773767784e+06
5.010683568976019509e+06
4.929144775648148730e+06
4.786362602343498729e+06
4.584132381101785228e+06
4.322115648711825721e+06
4.008762837334931362e+06
3.645659119615305681e+06
3.237316151771460194e+06
2.788803349970493931e+06
2.305684802722684573e+06
1.793953087331049377e+06
1.259954921299366979e+06
7.103155045616118005e+05
1.518558012161869556e+05
-4.084895842456351384e+05
-9.637600000527052907e+05
-1.507053665444333339e+06
-2.031615945675871568e+06
-2.530922737837349065e+06
-3.003264128979362547e+06
-3.433423075692802668e+06
-3.820898449062297586e+06
-4.160879008567538578e+06
-4.449149334004238248e+06
-4.682141278787961230e+06
-4.856978764761363156e+06
-4.971511721933265217e+06
4.735972688198086806e+06
4.522174462252769619e+06
4.252231644652896561e+06
3.929508853206809610e+06
3.558020223126057070e+06
3.142380837643562816e+06
2.687749048242898192e+06
2.199764997680080123e+06
1.679211360449732747e+06
1.142842682853824459e+06
5.922851919445269741e+05
3.437291323802466650e+04
-5.239663236531391158e+05
-1.075794981452619191e+06
-1.614254151179343695e+06
-2.132647890213975683e+06
-2.624529413310277741e+06
-3.083781065615765285e+06
-3.504693476623477880e+06
-3.882036462341264822e+06
-4.211126440702477470e+06
-4.487884024439498782e+06
-4.708885693709503859e+06
-4.872727708253635094e+06
-4.974156508484639227e+06
-5.013855369407729246e+06
-4.991355783533349633e+06
-4.906959768962497823e+06
-4.761734081589993089e+06
-4.557495591954692267e+06
-4.296787235104345717e+06
-3.982845999084592331e+06
-3.619563402070740238e+06
-3.211437125548864249e+06
-2.763517817256466951e+06
-2.281347031823324971e+06
-1.770892064898056909e+06
-1.238472571407320211e+06
-6.851531866730146576e+05
-1.287408958334438212e+05
4.292697238991349586e+05
9.819451597599077504e+05
1.522410632636532187e+06
2.043938316699844319e+06
2.540030837174475193e+06
3.004505700698425993e+06
3.431572769349951297e+06
3.815909881892377976e+06
4.152729553655014373e+06
4.437841151601308025e+06
4.667702742462957278e+06
4.839466167080363259e+06
4.951011153585476801e+06
5.001156955597321503e+06
4.988311394481218420e+06
4.913464348417269997e+06
4.777569479893620126e+06
4.582336287609642372e+06
4.330207694257364608e+06
4.024327961527576204e+06
3.668503912039619870e+06
3.267156769502652343e+06
2.825269060813021380e+06
2.348322614115666132e+06
1.842233362421618309e+06
1.313277957348030759e+06
7.680189595767498249e+05
2.132229161300497071e+05
-3.497854355442310916e+05
-9.028751676503905328e+05
-1.444744395430788863e+06
-1.968656124058765825e+06
-2.468094255449026823e+06
-2.936847694990374614e+06
-3.369087514690252487e+06
-3.759442356966950931e+06
-4.103064994877229910e+06
3.126296295149287209e+06
2.674205785768698901e+06
2.188930084692738485e+06
1.676487634569699876e+06
1.143235035477526020e+06
5.957880953830434009e+05
3.537975554892030050e+04
-5.199443918471870711e+05
-1.068808022213976830e+06
-1.604387867374278139e+06
-2.120024188949961681e+06
-2.609304135800002608e+06
-3.066142406498115510e+06
-3.484859770257110242e+06
-3.860253582849176135e+06
-4.187664820603383705e+06
-4.463035333254488185e+06
-4.682959279571381398e+06
-4.844723920944587328e+06
-4.946342807613402605e+06
-4.986578261708030477e+06
-4.964426827907197177e+06
-4.880624437013284303e+06
-4.736320325105214491e+06
-4.533319567825231701e+06
-4.274149221052503213e+06
-3.962027123937172815e+06
-3.600821351990738418e+06
-3.195004102275167592e+06
-2.749596531700575259e+06
-2.270109669914654456e+06
-1.762476784757974325e+06
-1.232983469227697467e+06
-6.881899949891706929e+05
-1.348531335153685941e+05
4.201584778182012378e+05
9.699475595629438758e+05
1.512969566038270714e+06
2.031722175879125251e+06
2.525191762150299270e+06
2.987227957096708473e+06
-4.503699266520959325e+06
-4.710559933975255117e+06
-4.858923869005671702e+06
-4.946971498920375481e+06
-4.973634063652941026e+06
-4.938604590553125367e+06
-4.842339730970676988e+06
-4.686052316167159937e+06
-4.471694485222883523e+06
-4.201932984864640981e+06
-3.880115074654678814e+06
-3.506301652781466488e+06
-3.092514168099283706e+06
-2.640404554908143356e+06
-2.155566100483880844e+06
-1.643999603564554360e+06
-1.112039512918636436e+06
-5.662788275100593455e+05
-1.348699102161272822e+04
5.394715955331597943e+05
1.085724451566384407e+06
1.618475198040522635e+06
2.131090957774650771e+06
2.617184819293858483e+06
3.070698919923565816e+06
3.485980382905675564e+06
3.861338475392081309e+06
4.184674116142144427e+06
4.455908298826744780e+06
4.671673836963846348e+06
4.829299767107085325e+06
4.926843096135159954e+06
4.963112108198307455e+06
4.937679092401618138e+06
4.850883769303075969e+06
4.703827131293473765e+06
4.498355666226197965e+06
4.237037451248936355e+06
3.923128687294346746e+06
3.560533778178643435e+06
3.153756139128215611e+06
2.703205891257630661e+06
2.223384029155068099e+06
1.715967628752872813e+06
1.187250064934104215e+06
6.437916951889238553e+05
9.233782451772100467e+04
-4.602626722082145279e+05
-1.007144044821915915e+06
-1.541507613849247573e+06
-2.056708690084855072e+06
-2.546339743508194108e+06
-3.004310995524908416e+06
-3.424928999045046978e+06
-3.802967333715238608e+06
-4.133733952073111199e+06
-4.415651203544883057e+06
-4.639654857373281382e+06
-4.806036256947567686e+06
-4.912751474690414034e+06
-4.958499540337515995e+06
-4.942736869257740676e+06
-4.865681797780829482e+06
-4.728309867808616720e+06
-4.532340330149014480e+06
-4.280213235442765057e+06
-3.975059270461542532e+06
-3.620660287778467871e+06
-3.221404210441040341e+06
-2.782230911164711695e+06
-2.308574090753450058e+06
-1.801148076522537740e+06
-1.276273290977052180e+06
-7.355612759221693268e+05
-1.857178206433263840e+05
3.664321897527173860e+05
9.140274458858219441e+05
-4.912221776709556580e+06
-4.816717204596523196e+06
-4.661508973290931433e+06
-4.448535701137376018e+06
-4.180446201856762636e+06
-3.860567016981653403e+06
-3.492860700278502889e+06
-3.081878740931958891e+06
-2.632705539155285805e+06
-2.145935659851379227e+06
-1.637222109858221374e+06
-1.108198784654413816e+06
-5.654216138910874724e+05
-1.562412304219148064e+04
5.343671210537373554e+05
1.077715449726309162e+06
1.607661379032619065e+06
2.117606106365407817e+06
2.601196946613233071e+06
3.052406726780153345e+06
3.465612407999704592e+06
3.835665584218021948e+06
4.157959496466108132e+06
4.428486303686439060e+06
4.643888402940317988e+06
4.802776609704134054e+06
4.900049536960057914e+06
4.936384782940264791e+06
4.911353696538565680e+06
4.825290683684372343e+06
4.679287052592372522e+06
4.475175599715698510e+06
4.215506812242875807e+06
3.903515706134241540e+06
3.543082220187081024e+06
3.138682384644208476e+06
2.695334766833645757e+06
2.218538153282096609e+06
1.714206206712298095e+06
1.188594081123141339e+06
1.191164810195978032e+06
1.715897449477370596e+06
2.219280879916239530e+06
2.695042823577996809e+06
3.137254390181021299e+06
3.540404401115457062e+06
3.899471266563074198e+06
4.209985698066777550e+06
4.468088433782725595e+06
4.670577595011857338e+06
4.814948997991050594e+06
4.899425684166820720e+06
4.922978985759290867e+06
4.885339198301614262e+06
4.786997004985252395e+06
4.627323368871703744e+06
4.411478437613722868e+06
4.140870634423092473e+06
3.818869302479166538e+06
3.449477249874634668e+06
3.037280510287902318e+06
2.587393571133077145e+06
2.105395916953219566e+06
1.597265731673380360e+06
1.069305885189981200e+06
5.280675457676233491e+05
-1.972952080438588746e+04
-5.672814495142956730e+05
-1.107783102582633728e+06
-1.634514947383874794e+06
-2.145865978375006933e+06
-2.625360652657725383e+06
-3.072211586036369670e+06
-3.480864252838080283e+06
-3.846242288573748432e+06
-4.163812585628916044e+06
-4.429640841703434475e+06
-4.640441240053834394e+06
-4.793615604893800803e+06
-4.887284986305736937e+06
-4.920310731917639263e+06
-4.892306907302115113e+06
-4.803642929845152423e+06
-4.655437020870299079e+06
-4.449541115309996530e+06
-4.185638235189488158e+06
-3.872223596873946488e+06
-3.510837518407047726e+06
-3.105953191467138007e+06
-2.662579433516439982e+06
-2.186201815486115403e+06
-1.682715350130593870e+06
-1.158354979675632901e+06
-6.196184491125631612e+05
-7.318872045623479062e+04
4.741499184152564267e+05
1.015594249845263315e+06
1.544408955763250357e+06
2.054009785543191712e+06
2.538048774699107278e+06
2.994838983898170292e+06
3.409652162725367118e+06
3.782010692007760052e+06
4.107279268338891212e+06
4.381413082175820135e+06
4.601009688093028963e+06
4.763350300697229803e+06
4.866433507586631924e+06
4.908998284375306219e+06
4.890538241344733164e+06
4.811305810692708939e+06
4.672307078929754905e+06
4.475287774380517192e+06
4.222709873853172176e+06
3.917720235032218974e+06
3.560344360156561714e+06
3.162090115743381903e+06
3.519238835913436953e+06
3.876649696404288523e+06
4.185794205819129013e+06
4.442830178190125152e+06
4.644569788868469186e+06
4.788518371926401742e+06
4.872904369314918295e+06
4.896700195019396022e+06
4.859632893432833254e+06
4.762185621940440498e+06
4.605589852968590334e+06
4.391808125416016206e+06
4.123508965807031840e+06
3.804032416834147647e+06
3.433459104929876979e+06
3.023719767470472027e+06
2.576457763424823992e+06
2.097219800169361290e+06
1.591949772648077924e+06
1.066914951655200450e+06
5.286310723624036182e+05
-1.621932777094603989e+04
-5.608677540710699977e+05
-1.098545670996096218e+06
-1.622567490053295856e+06
-2.126416439243824221e+06
-2.603825283765236847e+06
-3.048857375925130676e+06
-3.455980430744547397e+06
-3.823546791318796109e+06
-4.139724920821552631e+06
-4.404460912174357101e+06
-4.614482431326949969e+06
-4.767201584603739902e+06
-4.860745002672799863e+06
-4.893975796393975616e+06
-4.866505351912307553e+06
-4.778696216762296855e+06
-4.631655835535353050e+06
-4.427221064091932960e+06
-4.167934930702597369e+06
2.473342574123914354e+06
1.989526386602852959e+06
1.481013002942333929e+06
9.487713464972926304e+05
4.099350933072412154e+05
-1.339932699096396391e+05
-6.762566130960645387e+05
-1.210114315737866564e+06
-1.728928501828087261e+06
-2.226246004511123523e+06
-2.695881677114720456e+06
-3.131995242915530689e+06
-3.529166847484588623e+06
-3.882464218342250213e+06
-4.187505975000616163e+06
-4.440515143975601532e+06
-4.638366649553909898e+06
-4.778624332321305759e+06
-4.860076325536352582e+06
-4.880124764320611954e+06
-4.839649608123620972e+06
-4.739173996856278740e+06
-4.579961156654195860e+06
-4.363997707216493785e+06
-4.093967746833214536e+06
-3.773220146075284109e+06
-3.405726729300890584e+06
-2.996035236154590268e+06
-2.549213448045415804e+06
-2.070789661797801033e+06
-1.566684829823575681e+06
-1.043142656416989164e+06
-5.066522233746248530e+05
4.156645785448238894e+04
5.838604685378059512e+05
1.118895460565447807e+06
1.640014483398342971e+06
2.140728196213005111e+06
2.614798982379673980e+06
3.056318943772498984e+06
3.459786942829547916e+06
3.820177488450272474e+06
4.133006014645838179e+06
4.394384456639549695e+06
4.601070840883601457e+06
4.750508772974058054e+06
4.840858170815072022e+06
4.871017021958836354e+06
4.840024093812639825e+06
4.748900106680542231e+06
4.598793322230222635e+06
4.391585638185615651e+06
4.129863462424458936e+06
3.816885028771207202e+06
3.456540361291103996e+06
3.053302572938198224e+06
2.612174489393751603e+06
2.138626614233324770e+06
1.638532147904419340e+06
1.118094067058113636e+06
5.837709938375054626e+05
4.219626026470654324e+04
-4.999023326436189236e+05
-1.041092707935597165e+06
-1.563939963678681990e+06
-2.067342615783312591e+06
-2.545038878985566553e+06
-2.991088421984476037e+06
-3.399946190474249888e+06
-3.766534027793333400e+06
-4.086303365766881499e+06
-4.355293271698005497e+06
-4.570178403979128227e+06
-4.728310340115659870e+06
-4.827748413439345546e+06
-4.867282534414522350e+06
-4.846445882622348145e+06
-1.181136352370493987e+05
-6.576410008002142422e+05
-1.194243874919037800e+06
-1.710634327223839937e+06
-2.205755085745990276e+06
-2.673447480380010791e+06
-3.107896211748130620e+06
-3.503701595153200906e+06
-3.855949219177877065e+06
-4.160270475949192420e+06
-4.412898037799391896e+06
-4.610711703479974531e+06
-4.751275985128140077e+06
-4.832869328219123185e+06
-4.854503160773952492e+06
-4.815932379216183908e+06
-4.717656317402083427e+06
-4.559053982943098061e+06
-4.345241607447518036e+06
-4.077595560127247125e+06
-3.759434806845542975e+06
-3.394698807400187012e+06
-2.987900893972825725e+06
-2.544072846420564223e+06
-2.068705804391684709e+06
-1.567682866665279027e+06
-1.047209624871365377e+06
-5.137372407434288762e+05
2.611479328772722511e+04
5.656419873235776322e+05
1.098136527101932094e+06
1.616973113232905976e+06
2.120555243919092696e+06
2.592648176178929396e+06
3.032466300841905177e+06
3.434530094462232664e+06
3.793832029247481376e+06
4.105901579483597539e+06
4.366860579283651896e+06
4.573472713734008372e+06
4.723182541398281232e+06
-4.676376748713746667e+06
-4.507712218902331777e+06
-4.283195655761417933e+06
-4.005615476206552703e+06
-3.678412069028562400e+06
-3.305636376672343351e+06
-2.887572776124450378e+06
-2.437662731105701532e+06
-1.957530103159500984e+06
-1.453117962183192139e+06
-9.306744122614735970e+05
-3.966772890130727319e+05
1.422467008431032009e+05
6.794021758813266642e+05
1.208110250533244573e+06
1.721790741284602787e+06
2.214047105065468699e+06
2.678746175194121432e+06
3.110098024074773770e+06
3.502728484177194070e+06
3.851749110235033557e+06
4.155573382252094802e+06
4.404417579027230851e+06
4.598451856586934067e+06
4.735278706511847675e+06
4.813215793888063170e+06
4.831315720830913633e+06
4.789375691083871759e+06
4.687938152273464948e+06
4.528282388585006818e+06
4.312406827441822737e+06
4.043003719399653841e+06
3.723424572226646822e+06
3.357639537958739791e+06
2.950187794097431004e+06
2.506123490120873321e+06
2.026064020085192518e+06
1.525459805225505028e+06
1.005913530324128340e+06
4.738737350307102315e+05
-6.405338257147146214e+04
-6.011840622245873092e+05
-1.130842002585864393e+06
-1.646440386236927239e+06
-2.141566617306219880e+06
-2.610061844090180472e+06
-3.046100645087233745e+06
-3.444263401959308889e+06
-3.799606221515465062e+06
-4.107721839677947108e+06
-4.364795696968073025e+06
-4.569397644407108426e+06
-4.714960933342752978e+06
-4.802003320745286532e+06
-4.829468713499431498e+06
-4.797039622701664455e+06
-4.705139186944878660e+06
-4.554924266092626378e+06
-4.348269563158703968e+06
-4.087743625772183761e+06
-3.776577308616146911e+06
-3.418623500818237197e+06
-3.018311528408294078e+06
-2.580592769248334691e+06
-2.110882523826545570e+06
-1.614993564735470805e+06
-1.099067523860508343e+06
-5.641563600670276210e+05
-2.747838446423918867e+04
5.095406887968336814e+05
1.040224639608313912e+06
1.557971111412979197e+06
2.056333300737270387e+06
2.529103501908855047e+06
2.970390697834200226e+06
3.374697342856032774e+06
3.736988157196710818e+06
-3.296111512422134168e+06
-2.885314039800846018e+06
-2.438754648498527706e+06
-1.961958503054243745e+06
-1.460827129325729795e+06
-9.363061586881031981e+05
-4.052743089173663175e+05
1.307909142110901448e+05
6.652303818887018133e+05
1.191398060771357501e+06
1.702746246418292169e+06
2.192906748062492348e+06
2.655773533950395416e+06
3.085579110377060715e+06
3.476969688959331252e+06
3.825072113210734911e+06
4.125556986240250990e+06
4.374692107656720094e+06
4.569389838246406987e+06
4.707244454961564392e+06
4.787054524185137823e+06
4.806270571463754401e+06
4.765760798799467273e+06
4.666049504105728120e+06
4.508393886958925985e+06
4.294766941462696530e+06
4.027832354139401577e+06
3.710910377721514553e+06
3.347937643183772918e+06
2.943418001227573492e+06
2.502368921586814802e+06
2.030259348686687881e+06
1.532944736967314733e+06
1.016594275234557572e+06
4.876170200708185439e+05
-5.277705845426437008e+04
-5.871834211402318906e+05
-1.114290706805362832e+06
-1.627543572179193841e+06
-2.120558434467483778e+06
-2.587202654370783828e+06
4.169900841424920596e+06
4.407511168658820912e+06
4.590280429817986675e+06
4.715952074632278644e+06
4.782983335490076803e+06
4.790562339382661507e+06
4.738616533301113173e+06
4.627811674728673883e+06
4.459541701423781924e+06
4.233403443545566872e+06
3.956687692216074560e+06
3.630868878936833236e+06
3.259992396042095497e+06
2.848659904357076623e+06
2.401972264521520119e+06
1.925468994617218850e+06
1.425059590598816052e+06
9.069530433265417814e+05
3.775802015321680228e+05
-1.564838322418626340e+05
-6.886029682839162415e+05
-1.212161314657633426e+06
-1.720648003952390514e+06
-2.207737737229323015e+06
-2.671810548393090721e+06
-3.097915837016806006e+06
-3.485501313711196184e+06
-3.829755335808915552e+06
-4.126410566860688385e+06
-4.371795901844958775e+06
-4.562882415069967508e+06
-4.697319031665698625e+06
-4.773460701951703057e+06
-4.790386461095892824e+06
-4.747909055224244483e+06
-4.646575260988329537e+06
-4.487657317015570588e+06
-4.273136290577698499e+06
-4.005676427332527470e+06
-3.685184260494851042e+06
-3.321966684704396408e+06
-2.917586068492611870e+06
-2.477043780957760289e+06
-2.005790260836336762e+06
-1.509658092818657402e+06
-9.947930623738701688e+05
-4.675778542306499439e+05
6.544452029137374484e+04
5.976532627240800066e+05
1.122430609157833271e+06
1.633246463460730389e+06
2.123740336393604986e+06
2.587801669284944888e+06
3.019649155309708323e+06
3.413903111091430765e+06
3.768943058138717432e+06
4.073329620460351463e+06
4.327017775420799851e+06
4.526863100119259208e+06
4.670395639747137204e+06
4.755849414855112322e+06
4.782183153154009953e+06
4.749091128067382611e+06
4.657005146348099224e+06
4.507087532851589844e+06
4.301214967346637510e+06
4.041954690952479374e+06
3.732531564395322464e+06
3.376789026787159964e+06
2.979141103451761883e+06
2.540004863325048238e+06
2.073512190563137876e+06
1.581276938326503150e+06
1.069405173598960740e+06
5.442502851057848893e+05
1.233319148037427658e+04
-5.197367464310388314e+05
4.766495218178091571e+06
4.716715226404612884e+06
4.608350421056668274e+06
4.442763902147468179e+06
4.222025591636470519e+06
3.948885226701217704e+06
3.626738707703818567e+06
3.259585425280953292e+06
2.847716735403536353e+06
2.404387824147480540e+06
1.931212089638076723e+06
1.434057926763256313e+06
9.190940460568399867e+05
3.927124896106944070e+05
-1.385485354124110600e+05
-6.680874913993563969e+05
-1.189320308217727812e+06
-1.695764833767524455e+06
-2.181121047231094912e+06
-2.639352498201099690e+06
-3.064761337784157135e+06
-3.452061978515735362e+06
-3.796446467176606413e+06
-4.096366751467138063e+06
-4.342178593470034190e+06
-4.534060135701542720e+06
-4.669650556045088917e+06
-4.747290528371959925e+06
-4.766040448629263788e+06
-4.725690299843207002e+06
-4.626760260578880087e+06
-4.470492493281247094e+06
-4.258834901859951206e+06
-3.994415928907531779e+06
-3.680512751533465460e+06
-3.321010572335693054e+06
-2.920356789189491421e+06
-2.483506482601657510e+06
-2.011051674160021823e+06
-1.518185684064092115e+06
-1.006480526167299366e+06
-1.290436194869778352e+06
-1.791803755120881367e+06
-2.270888355816068128e+06
-2.721731087566967588e+06
-3.138727390620820690e+06
-3.516696589840585832e+06
-3.850948538101727609e+06
-4.137341111552078743e+06
-4.372332568374569528e+06
-4.553023865666856989e+06
-4.677194105749804527e+06
-4.743325808192486875e+06
-4.750397164193857461e+06
-4.698202749515344389e+06
-4.587773516818996519e+06
-4.420493125564848073e+06
-4.198444331229943782e+06
-3.924383298276544549e+06
-3.601704991071807686e+06
-3.234402865706623066e+06
-2.827019785469910130e+06
-2.384594712674363516e+06
-1.912600974486564752e+06
-1.416881823852652218e+06
-9.035782569006003905e+05
-3.790557847280650749e+05
1.501753764702350891e+05
6.827812098911659559e+05
1.201602871260860004e+06
1.705476680248648161e+06
2.188128364919049665e+06
2.643545144275397528e+06
3.066054004762983881e+06
3.450392673184685875e+06
3.791777982417555060e+06
4.085965242222124245e+06
4.329302553523784503e+06
4.518775611748409458e+06
4.652044328416593373e+06
4.727471147676305845e+06
4.744139338194887154e+06
4.701862782974494621e+06
4.601186392221985385e+06
4.441517047530768439e+06
4.228009598852859810e+06
3.962025830076629296e+06
3.646872626501091290e+06
3.286462435891566332e+06
2.885266557069947477e+06
2.448259726182976272e+06
1.980861102130758110e+06
1.488867098963486031e+06
9.783822593365589855e+05
4.557429194453817327e+05
-7.255926825615107373e+04
-5.999595652340539964e+05
-1.119900482378156623e+06
-1.625915880582184996e+06
-2.116446100151978433e+06
-2.575686761787457857e+06
-3.002895625489986502e+06
-3.392764540468842257e+06
-3.740453424932602327e+06
-4.041652224005857017e+06
-4.292633351207409985e+06
-4.490298350750242360e+06
-4.632214415442587808e+06
-4.716643600005203858e+06
-4.742562015274918638e+06
-4.709670764331962913e+06
-4.618397624747758731e+06
-4.469889991226602346e+06
-4.265999760077330284e+06
-4.006435270138788968e+06
-3.699548287953134160e+06
-3.346826603366302326e+06
-2.952633609509653877e+06
-3.486698901722455397e+06
-3.820800370596449357e+06
-4.107417269026417285e+06
-4.343005274783054367e+06
-4.524658099375775084e+06
-4.650143004961594008e+06
-4.717926206815104932e+06
-4.727190326654944569e+06
-4.677842289844679646e+06
-4.570512642275254242e+06
-4.406546375718862750e+06
-4.185532236143871211e+06
-3.914585322617336176e+06
-3.595142395612960681e+06
-3.231156584007238038e+06
-2.827129491223049350e+06
-2.388058391020237003e+06
-1.919375014211184345e+06
-1.426881599032483296e+06
-9.166792049190180842e+05
-3.950949421053096303e+05
1.313973804113836086e+05
6.562558061487853993e+05
1.172953645027855877e+06
1.675059968494056957e+06
2.156322729945268482e+06
2.615135953053038567e+06
3.036708654689691961e+06
3.420477431304681581e+06
3.761666633181832731e+06
4.056034406598010100e+06
4.299927021661786363e+06
4.490323229843420908e+06
4.624871860538327135e+06
4.701919180140834302e+06
4.720528241948266514e+06
4.680488432326257229e+06
4.582316418884738348e+06
4.427247944424599409e+06
4.217221547751777805e+06
3.954853250824995339e+06
-2.289597550588328857e+06
-1.816810393372323830e+06
-1.321482672138027614e+06
-8.097525614562745905e+05
-2.879666887064534822e+05
2.373963604705864855e+05
7.598081393384978874e+05
1.272770388579933904e+06
1.769898640915791271e+06
2.245001571348886471e+06
2.692161439261725172e+06
3.105808097676662728e+06
3.480791327038165648e+06
3.812445713970923796e+06
4.096649279742380138e+06
4.331940462067344226e+06
4.510751873650272377e+06
4.633467017113345675e+06
4.698579970674964599e+06
4.705302065791622736e+06
4.653570089386446401e+06
4.544045105772347189e+06
4.378102951216364279e+06
4.157815660725186579e+06
3.885925662522911094e+06
3.565810989178090822e+06
3.201444719194656704e+06
2.797345618721886538e+06
2.358524527814576868e+06
1.890422355981377186e+06
1.398845399455615319e+06
8.847370187048501102e+05
3.646502767767941114e+05
-1.599683875334801269e+05
-6.825980295327460626e+05
-1.196740368469418492e+06
-1.695999940177375218e+06
-2.174166609917256050e+06
-2.625292720324476250e+06
-3.043770065516774077e+06
-3.424399468503864016e+06
-3.762457656013683416e+06
-4.053755153753233608e+06
-4.294689243571912870e+06
-4.482287022092008032e+06
-4.614241785473857075e+06
-4.689393516448210925e+06
-4.705346967971473932e+06
-4.662958608428654261e+06
-4.562772765336555429e+06
-4.406045976293453015e+06
-4.194730071392366663e+06
-3.931448071410855744e+06
-3.619461254246633500e+06
-3.262630455643298570e+06
-2.865368644951340742e+06
-2.432589173738997430e+06
-1.969645610700706020e+06
-1.482268738253855845e+06
-9.764957793117690599e+05
-4.585984218522948213e+05
7.023849758372442739e+04
5.929831796246615704e+05
1.108354197086863918e+06
1.609937579637702322e+06
2.091488205338181462e+06
2.547007664386885241e+06
2.970822311880861409e+06
3.357654207668985240e+06
3.702689514831141569e+06
4.001638862146779895e+06
4.250790910058948211e+06
4.447059175459732302e+06
4.588018896583067253e+06
4.671936566990464926e+06
4.697789420981856063e+06
4.664657557096955366e+06
2.173970445735567482e+05
7.374217446340025635e+05
1.248275213243971812e+06
1.743599352912281873e+06
2.217225519888518844e+06
2.663254666099639144e+06
3.076131097988103516e+06
3.450714738365952391e+06
3.782345134601577651e+06
4.066901509331344161e+06
4.300853253926948644e+06
4.481304421077135019e+06
4.606028090045270510e+06
4.673493239130261354e+06
4.682681431198094040e+06
4.633316776269337162e+06
4.526412687299627811e+06
4.363311729111617431e+06
4.146050341553120874e+06
3.877332470036354382e+06
3.560496687561057042e+06
3.199474590548899956e+06
2.798743241941732820e+06
2.363271487642399501e+06
1.898458601748302346e+06
1.410070097898161504e+06
9.041659059682141524e+05
3.870275528787327348e+05
-1.349210639942349517e+05
-6.603642191045148065e+05
-1.172374343212971929e+06
-1.669804123341940343e+06
-2.146466084984253626e+06
-2.596431278302570339e+06
-3.014106009640745819e+06
-3.394301227563275024e+06
-3.732299247211370151e+06
-4.023911550858035684e+06
-4.265531705079995096e+06
-4.454178438718413934e+06
-4.587532113109778613e+06
4.486949316103832796e+06
4.313189620499878190e+06
4.085893883534830529e+06
3.804864748727824073e+06
3.479151183183233719e+06
3.110260093760535121e+06
2.702765458247360308e+06
2.261719838764795102e+06
1.792591855041026603e+06
1.301201110236711567e+06
7.936455961033824133e+05
2.762282910006882739e+05
-2.446222680369562004e+05
-7.624315062858482124e+05
-1.270759396998617798e+06
-1.763283117496089777e+06
-2.233875473973126151e+06
-2.676684193127901293e+06
-3.090114289246680681e+06
