-5.174116289054091088e+06
-5.296591933961558156e+06
-5.353145615958712995e+06
-5.343085294644089416e+06
-5.266542975461244583e+06
-5.124472820241102949e+06
-4.918639397779348306e+06
-4.651597123784138821e+06
-4.326659348057187162e+06
-3.947858912246651947e+06
-3.519900217090456747e+06
-3.048101094811232761e+06
-2.538329165361755993e+06
-1.996927982946828706e+06
-1.430639801379709737e+06
-8.465194321306378115e+05
-2.458722405897592253e+05
3.519336803589096526e+05
9.453536839194167405e+05
1.526994148604949471e+06
2.089610875162802869e+06
2.626202253237862140e+06
3.130095227134325076e+06
3.595030039637021255e+06
4.015235856838712003e+06
-3.792485047428748105e+06
-3.347385196171352640e+06
-2.860589207385130227e+06
-2.338152925293148495e+06
-1.786579199676067103e+06
-1.212738478207259672e+06
-6.178396616348741809e+05
-2.106607524913286397e+04
5.759708999587673461e+05
1.165829990229745628e+06
1.741163046004364034e+06
2.294806034185961355e+06
2.819871004210991319e+06
3.309830439759835135e+06
3.758599906626373529e+06
4.160611300266858656e+06
4.510882081040808931e+06
4.805074079059303738e+06
5.039546440442933701e+06
5.211397836230011657e+06
5.318501382643486373e+06
5.359603248644214123e+06
5.333376281261715107e+06
5.240875481973868795e+06
5.083234641739943996e+06
4.862392784516938962e+06
4.581071506986160763e+06
4.242744190603058785e+06
3.851594427416631021e+06
3.412467494054893032e+06
2.930810930681589525e+06
2.412609717158870772e+06
1.864311116168675013e+06
1.292746150917162187e+06
7.050421092452048324e+05
1.085342064817799983e+05
-4.952897536835034844e+05
-1.086943299806988100e+06
-1.665022279668974224e+06
-2.222309328205857426e+06
-2.751851859627118334e+06
4.597895775266898796e+06
4.875938997014055029e+06
5.093385366400937550e+06
5.247544639407768846e+06
5.336508231112342328e+06
5.359172126611275598e+06
5.315249666496938094e+06
5.205275269525607117e+06
5.030598770896187983e+06
4.793369819370379671e+06
4.493255924638478085e+06
4.139900479059573729e+06
3.734996550176069140e+06
3.283561354661612306e+06
2.791198200831654947e+06
2.264026708132955246e+06
1.708608865491821431e+06
1.131865531127192080e+06
5.409911286529311910e+05
-5.663935315825772705e+04
-6.535624036352202529e+05
-1.242323213955149287e+06
-1.815569030812259763e+06
-2.366144808718246873e+06
-2.887182266489411704e+06
-3.376835569223371334e+06
-3.819322632315502036e+06
-4.214181100508266129e+06
-4.556507892967439257e+06
-4.842058803743407130e+06
-5.067298307677456178e+06
-5.229442378031110391e+06
-5.326490391885476187e+06
-5.357248809905996546e+06
-5.321344460036762059e+06
-5.219228617760968395e+06
-5.052171494324730709e+06
-4.822246721483520232e+06
-4.532307226008392870e+06
-4.185950514922890346e+06
-3.783244847090811003e+06
-3.337158360790723003e+06
-2.849502121351477224e+06
-2.326342122754978016e+06
-1.774191318301985040e+06
-1.199926735492419219e+06
-6.107049013183315983e+05
-1.386994561855427855e+04
5.831387134170646314e+05
1.172879971763153095e+06
1.748007005485045258e+06
2.301358251359087881e+06
2.826049342437391169e+06
3.315557413736991119e+06
3.763803685999299400e+06
4.165226637386297807e+06
4.518070573304264806e+06
4.810985803969309665e+06
5.044107861281394027e+06
5.214552305147070438e+06
5.320209824507987127e+06
5.359770462358215824e+06
5.332739399278772995e+06
5.239442867563400418e+06
5.081024658309606835e+06
4.859433559928774834e+06
4.577400572870550677e+06
4.238408005163225345e+06
3.846647782021463849e+06
3.406972814517082181e+06
2.924837477316339500e+06
2.400883990831760224e+06
1.851995790577969747e+06
1.279995351528876927e+06
6.920153433305646759e+05
9.539433033412029909e+04
-5.024184566343729966e+05
5.357461160287437029e+06
5.305426896985875443e+06
5.187461703527797945e+06
5.005014116766564548e+06
4.760330418776716106e+06
4.456428247081072070e+06
4.097062286937141791e+06
3.686679117452157661e+06
3.230365376985532697e+06
2.728636468198138289e+06
2.197655099616401829e+06
1.639254353147338843e+06
1.060393871653127950e+06
4.682940957094210899e+05
-1.296534424407980405e+05
-7.259821740453683306e+05
-1.313243956034405623e+06
-1.884106120877894573e+06
-2.431443083130845334e+06
-2.948428600862053689e+06
-3.428620123676026706e+06
-3.866041029383444227e+06
-4.255253138084451668e+06
-4.591424759748956189e+06
-4.872876417911946774e+06
-5.090556664048289880e+06
-5.244854080638199113e+06
-5.333865431987086311e+06
-5.356496342327871360e+06
-5.312474016077127308e+06
-5.202349987008847296e+06
-5.027493192876076326e+06
-4.790073987037648447e+06
-4.493037781786826439e+06
-4.140070708681941498e+06
-3.735554677928989287e+06
-3.284514747903842945e+06
-2.792558588079778012e+06
-2.265806307687621098e+06
-1.705146657756882487e+06
-1.128654631844608346e+06
-1.472771802446753951e+06
-2.037842793136199703e+06
-2.577471249944983982e+06
-3.084927828784542158e+06
-3.553891385510555934e+06
-3.978526229949935339e+06
-4.353555710599520244e+06
-4.674325338004028425e+06
-4.936860204863509163e+06
-5.137911426415338181e+06
-5.274995328481164761e+06
-5.346421793933534063e+06
-5.351314178370605223e+06
-5.288667672527383082e+06
-5.160503252916747704e+06
-4.968125226068622433e+06
-4.713920619766863994e+06
-4.401043473612758331e+06
-4.033376401010858826e+06
-3.615484977367084473e+06
-3.152561332368192729e+06
-2.650362121261068620e+06
-2.115136182987915818e+06
-1.553548568556302227e+06
-9.725954793117123190e+05
-3.795180179796686280e+05
2.182911938243230688e+05
8.133798225059311371e+05
1.404105734500190942e+06
1.971424693718483439e+06
2.514186981081892271e+06
3.025641239433693234e+06
3.499432312830356415e+06
3.929678180616324767e+06
4.311043362335715443e+06
4.638802965972632170e+06
4.908899126241885126e+06
5.117990160523507744e+06
5.263489177290968597e+06
5.343595138750377111e+06
5.357313539653221145e+06
5.304468445502189919e+06
5.185704805353499018e+06
5.002481187095109373e+06
4.754294839184558950e+06
4.449116337012918666e+06
4.088565555365716107e+06
3.677103901931225788e+06
3.219831524646087550e+06
2.722424455905683339e+06
2.191066737131215632e+06
1.632372428954441799e+06
1.053304742440514266e+06
4.610865785578817595e+05
-1.368892047244556888e+05
-7.331558585476874141e+05
-1.320266198869161308e+06
-1.890889633260256844e+06
-2.437903729570554569e+06
-2.959476399263877887e+06
-3.438790603039046284e+06
-3.875208296140270773e+06
-4.263303874697376974e+06
-4.598259560351831838e+06
-4.875922535444287583e+06
-5.092855746067454107e+06
-5.246377711734554730e+06
-5.334594608258442953e+06
-5.356421686760067940e+06
-5.311595888610524125e+06
-5.200678493762589060e+06
-5.025048088656750508e+06
-4.786884475445277058e+06
-4.489142207247423008e+06
-4.131711987680362072e+06
-3.726101538498583715e+06
-3.274083781147889327e+06
-4.027121211607469711e+06
-4.395765297599033453e+06
-4.709626829318648204e+06
-4.964816542280917056e+06
-5.158177269981640391e+06
-5.287320356920885853e+06
-5.350654122982598841e+06
-5.347401773314470425e+06
-5.277610326238867827e+06
-5.142149731809129938e+06
-4.942702163334281184e+06
-4.681742438286854886e+06
-4.359034169888864271e+06
-3.984966338964768685e+06
-3.561273897969849873e+06
-3.093222261631506961e+06
-2.586631745999619365e+06
-2.047807328121841187e+06
-1.483458681513131829e+06
-9.006178995028454810e+05
-3.065491414315199945e+05
2.913413842119508772e+05
8.856009712260784581e+05
1.468824218799406197e+06
2.033746104536785977e+06
2.573335254139590077e+06
3.080880355499746744e+06
3.554553582907036878e+06
3.979105243414564990e+06
4.354162697809648700e+06
4.675079854350023903e+06
4.937884373473787680e+06
5.139324670265831985e+06
5.276908956782178953e+06
5.348933858130468987e+06
5.354504843550291844e+06
5.293546615705041215e+06
5.166804317342858762e+06
4.975835462482011877e+06
4.722991829898362048e+06
4.411392993639833294e+06
-2.446126070030896459e+06
-1.894238144581283908e+06
-1.324062249906284502e+06
-7.373800540039140033e+05
-1.415051089031838346e+05
4.561346563112367876e+05
1.048089244554199860e+06
1.626982964705015533e+06
2.185605865599424113e+06
2.717006418224403169e+06
3.214576791239087004e+06
3.672136666984789073e+06
4.084007790801843628e+06
4.445084707223730162e+06
4.750895122314389795e+06
4.997654474372166209e+06
5.183834819521010853e+06
5.303449811089603230e+06
5.357176421163504943e+06
5.344345817095426843e+06
5.265109702603474259e+06
5.120438920722833835e+06
4.912112472224715166e+06
4.642697580453794450e+06
4.315519388627235778e+06
3.934622955493203830e+06
3.504724364718591794e+06
3.031155459831157234e+06
2.519797829616481904e+06
1.977012153615920106e+06
1.409557669359963154e+06
8.245092371728700818e+05
2.231859026810631622e+05
-3.750096471187844290e+05
-9.685223655073390109e+05
-1.549939992656410672e+06
-2.112004306867264211e+06
-2.647701640867814422e+06
-3.150353467799229547e+06
-3.613698648504530080e+06
-4.031973052612817381e+06
-4.399979190248734318e+06
-4.713150963502625003e+06
-4.967607576597593725e+06
-5.160200814891578630e+06
-5.288551358281252906e+06
-5.351077140132687055e+06
-5.346633711402748711e+06
-5.275370571897443384e+06
-5.138465248500662856e+06
-4.937617638432555832e+06
-4.675319790820775554e+06
-4.354825644682903774e+06
-3.980113025403535925e+06
-3.555834829475141596e+06
-3.087263861185266636e+06
-2.580227055148385465e+06
-2.041035143657277338e+06
-1.476402604820661945e+06
-8.933653115340047516e+05
-2.991901138397471514e+05
2.987152256477051997e+05
8.987957026175715728e+05
1.481702035130718490e+06
2.046146636174674379e+06
2.585103152868535835e+06
3.091869041725253221e+06
3.560147326506888494e+06
3.984125966451413929e+06
4.358547452422528528e+06
4.678773710277073085e+06
4.940841114369766787e+06
5.141507375811802223e+06
5.278290461668078788e+06
5.349497088360439055e+06
5.354243022361773998e+06
5.292463342868686654e+06
5.290431374463082757e+05
1.119807085530167446e+06
1.696615915391276125e+06
2.252286976943140384e+06
2.779905154860931914e+06
3.272911169290402904e+06
3.725181335201288108e+06
4.131104484345699195e+06
4.485648900570848957e+06
4.784424211340392940e+06
5.023733261644811369e+06
5.200615728304764256e+06
5.312883566068296321e+06
5.359146098638868891e+06
5.338826717586267740e+06
5.250970971738235094e+06
5.098394223351568915e+06
4.882434172403946519e+06
4.605752503477477469e+06
4.271765243405235931e+06
3.884601941407083534e+06
3.449057810578895267e+06
2.970534981650555972e+06
2.454978298659836873e+06
1.908800758203922771e+06
1.338805505294334842e+06
7.520987963199154474e+05
1.560020202975121210e+05
-4.420432215222640662e+05
-1.034568140725958045e+06
-1.619880184104709188e+06
-2.179093781171945855e+06
-2.711104626134816092e+06
-3.209280104185194708e+06
-3.667416477782277856e+06
-4.079814513008186128e+06
-4.441351155837381259e+06
-4.747540646418447606e+06
-4.994589713657729328e+06
-5.179441781641274691e+06
-5.299813759972257540e+06
5.047033240483515896e+06
4.814613790579608642e+06
4.522310193581311032e+06
4.173732446334355976e+06
3.768941205415138043e+06
3.320959425218528602e+06
2.831589893957342021e+06
2.306914561578042805e+06
1.753462344288647640e+06
1.178128353560417192e+06
5.880879915591637837e+05
-9.295504453389065020e+03
-6.065628760415521683e+05
-1.196255947255311534e+06
-1.771010976126654306e+06
-2.323654428840723820e+06
-2.847292268168023322e+06
-3.335398765214179177e+06
-3.781896595704077743e+06
-4.181233837914390024e+06
-4.531644558537545614e+06
-4.821851476829534397e+06
-5.051998071456729434e+06
-5.219238356320666149e+06
-5.321507453751039691e+06
-5.357546109067461453e+06
-5.326914783559754491e+06
-5.229998577640997246e+06
-5.068002521707158536e+06
-4.842936884106747806e+06
-4.557593816576194949e+06
-4.215513415238843299e+06
-3.820942281063705217e+06
-3.378781254962057807e+06
-2.894527113727461547e+06
-2.368839987752696499e+06
-1.818663625444446458e+06
-1.245816022687445162e+06
-6.574368997703872155e+05
-6.086065280178056128e+04
5.364746747075732565e+05
1.127123657727563288e+06
1.703726002635162091e+06
2.259101528919768985e+06
2.786338746465404984e+06
3.278883108051442076e+06
3.730616706133088563e+06
4.135935114632287994e+06
4.489814234212927520e+06
4.787872079395708628e+06
5.028494871341034770e+06
5.203946363966676407e+06
5.314741792511768639e+06
5.359509028381165117e+06
5.337690033135542646e+06
5.249547716934329830e+06
5.096163280961421318e+06
4.879423859482051805e+06
4.602000920518771745e+06
4.267319791642792523e+06
3.879518719328212552e+06
3.443400900385949761e+06
2.964375629623920191e+06
2.448394003326243255e+06
1.901874274816378253e+06
1.325825314173143124e+06
7.388238841756734764e+05
1.425983291540122591e+05
-4.554082759333653958e+05
-1.047727797662223340e+06
-1.626964328854705673e+06
-2.185886662700340152e+06
-2.717522094091237057e+06
-3.215242830155368894e+06
-3.672850901533818338e+06
-4.084653707947025541e+06
-4.445535602900266647e+06
3.267912826815804001e+06
2.774255372903118841e+06
2.246006061863655690e+06
1.684057908060407033e+06
1.106529429996252060e+06
5.151877886215444305e+05
-8.258626996232030797e+04
-6.793294866967689013e+05
-1.267589447371142451e+06
-1.840021646714560920e+06
-2.389481223779155873e+06
-2.909115477028582711e+06
-3.392448564669243991e+06
-3.833464210184161551e+06
-4.226678756435682066e+06
-4.567209851397718303e+06
-4.850834435254394077e+06
-5.074040486631419510e+06
-5.235341640329143032e+06
-5.329556049959659576e+06
-5.357440799305853434e+06
-5.318657070135405287e+06
-5.213690645184952766e+06
-5.043845813891898841e+06
-4.811230168433480896e+06
-4.518729043785384856e+06
-4.169971915750456508e+06
-3.769288019208837301e+06
-3.321655237495260313e+06
-2.832638262122178450e+06
-2.308321709118393715e+06
-1.755233219641132280e+06
-1.180263661983180558e+06
-5.846324291648919461e+05
1.245190388072405221e+04
6.093818453610276338e+05
1.198716111221074127e+06
1.773111985223190859e+06
2.325416287230954506e+06
2.848757222901834175e+06
3.336628540638576262e+06
-4.916318535651426762e+06
-5.122943056309068576e+06
-5.265784902008625679e+06
-5.343081528428959660e+06
-5.353882574256901629e+06
-5.298060417227752507e+06
-5.176311392768859863e+06
-4.990147549848802388e+06
-4.739091771439432167e+06
-4.431224832379897125e+06
-4.068187043683361728e+06
-3.654486261744026095e+06
-3.195262471665828489e+06
-2.696226419938556384e+06
-2.163587881850911304e+06
-1.603980187520920299e+06
-1.024375575287892367e+06
-4.319992328859163099e+05
1.657639014720334089e+05
7.614608898358101724e+05
1.347667275448329514e+06
1.917079282252148259e+06
2.462607730035509914e+06
2.982438028934356757e+06
3.459826354381974321e+06
3.894157018662049901e+06
4.280043720524088480e+06
4.612705129408804700e+06
4.888023563646581955e+06
5.102592941780935042e+06
5.253759825385835022e+06
5.339654116070332006e+06
5.359210965501844883e+06
5.312183493602086790e+06
5.199145847192878835e+06
5.021486722680770792e+06
4.781393961002744734e+06
4.481828825592251495e+06
4.122671662454899400e+06
3.715470785631937906e+06
3.261988644053087104e+06
2.767853109868417028e+06
2.239206225054594688e+06
1.682626843496867456e+06
1.105050300983223133e+06
5.136794188146797242e+05
-8.410488122278847732e+04
-6.808394047221633373e+05
-1.269072031607593410e+06
-1.841458766530455556e+06
-2.390855458533622790e+06
-2.910410298785544001e+06
-3.393648503303857520e+06
-3.838731235431608278e+06
-4.231319863070191815e+06
-4.571167985781210475e+06
-4.854060960792333819e+06
-5.076495728590480983e+06
-5.235721468828243203e+06
-5.329772590862758458e+06
-5.357491041104550473e+06
-5.318539850556307472e+06
-5.213406677946335636e+06
-5.043397702759755775e+06
-4.810622408294223249e+06
-4.517968005924787372e+06
-4.169065816334900912e+06
-3.768246867787859868e+06
-3.315794570650835987e+06
-2.826283852278132457e+06
-2.301551642349296249e+06
-1.748130971975713503e+06
-1.172917084169435548e+06
-5.830790209907715907e+05
1.402909951236348206e+04
6.109631644744606456e+05
1.200281633567215176e+06
-5.287692428025939502e+06
-5.158600309925637208e+06
-4.965312146954844706e+06
-4.710225524295465089e+06
-4.396504915886938572e+06
-4.028043182363623753e+06
-3.604993190001323353e+06
-3.140980683173529338e+06
-2.637829718457101379e+06
-2.101802731542767491e+06
-1.539575269123024307e+06
-9.581529949664494488e+05
-3.647842102605012478e+05
2.331334823192483454e+05
8.281451157409455627e+05
1.412834872711883159e+06
1.979918162132979371e+06
2.522335463684223127e+06
3.033339176723593380e+06
3.506579482486681081e+06
3.936181217907231767e+06
4.320359894727371633e+06
4.646756241412464529e+06
4.915387702756000683e+06
5.122931262411336415e+06
5.266820597128273919e+06
5.345275511739647016e+06
5.357323235936896876e+06
5.302809643719455227e+06
5.182401335925822146e+06
4.997578410164566711e+06
4.750617237224055454e+06
4.444564835628892295e+06
4.083202605132715311e+06
3.671002761549758259e+06
3.213073871845004614e+06
2.715100519720460288e+06
2.177805284662993159e+06
1.618504751742314082e+06
1.039006538772445638e+06
4.465388236729690689e+05
2.132612155102362391e+06
2.667012447965731844e+06
3.168200648770125117e+06
3.629949853239679243e+06
4.046529982769276481e+06
4.412776288967612199e+06
4.724153117532765493e+06
4.976807031228455715e+06
5.167613507854120806e+06
5.294212917550433427e+06
5.355038771416965872e+06
5.348942191701732576e+06
5.276113406991682015e+06
5.137718032972234301e+06
4.935458292214307934e+06
4.671826871742376126e+06
4.350077482063205913e+06
3.974187689946178813e+06
3.548810887354752515e+06
3.079221828067639843e+06
2.571251406836993061e+06
2.031216717036678689e+06
1.465841181675962405e+06
8.821721726803054335e+05
2.874903355741702253e+05
-3.107809430438918644e+05
-9.110711025081443368e+05
-1.494009439342323923e+06
-2.058294744156640256e+06
-2.596885770579418167e+06
-3.103067724994057324e+06
-3.570535004848936573e+06
-3.993471447842995636e+06
-4.366620668525132351e+06
-4.685351627541081980e+06
-4.945713396318269894e+06
-5.144483376920047216e+06
-5.279204557222551666e+06
-5.348214875049718656e+06
-5.350666006122075953e+06
-5.286533210422124714e+06
-5.154988727495447733e+06
-4.960267513415824622e+06
-4.703809500038621016e+06
-4.388795690851898864e+06
-4.019135497624108102e+06
-3.599418810722199269e+06
-3.134861629552959464e+06
-2.631241037888009101e+06
-2.094825510919158347e+06
-1.532295658070536796e+06
-9.506611510321287205e+05
-3.571731782685212092e+05
2.407689424488446384e+05
8.357097351688831113e+05
1.420234096342180157e+06
1.992614326268596342e+06
2.534401698005307466e+06
3.044624956738637760e+06
3.516943842044449877e+06
3.945494756006649230e+06
4.324963831705896184e+06
4.650649971876762807e+06
4.918522464757748879e+06
5.125267856875263155e+06
5.268329875747306272e+06
5.345938738748695701e+06
5.357132315620281734e+06
5.301767217362930067e+06
5.180520742295673117e+06
4.994883515558850951e+06
4.744360821304100566e+06
4.436999574902695604e+06
4.074423091753315646e+06
3.661118791589299683e+06
3.202209080537956208e+06
2.703390837560742628e+06
4.450816834259644151e+06
4.755751319053427316e+06
5.001571703555472195e+06
5.185237873684653081e+06
5.304478929673152976e+06
5.357819183859772980e+06
5.344595817268271931e+06
5.264966590028704144e+06
5.119908241708745249e+06
4.908805384381626733e+06
4.638435920601351187e+06
4.310362200299276970e+06
3.928640197144417558e+06
3.497996935000435915e+06
3.023772652236340102e+06
2.511857429370228667e+06
1.968617426393888192e+06
1.400817568913623691e+06
8.155351207848574268e+05
2.200721788277164451e+05
-3.781388981460743817e+05
-9.716283194938004017e+05
-1.552986125205985503e+06
-2.114954823315632064e+06
-2.650523342045126017e+06
-3.157851290847986937e+06
-3.620584007760483306e+06
-4.038163879504485521e+06
-4.405402442692443728e+06
-4.717742001421073452e+06
-4.971311709866334684e+06
-5.162973221629038453e+06
-5.290357617906467058e+06
-5.351893558243515901e+06
-5.346825026549864560e+06
-5.275220082660935819e+06
-5.137969811837463640e+06
-4.936777428246119991e+06
-4.674138509256593883e+06
-4.353310728201982565e+06
2.364558267441096250e+06
1.813836111793906428e+06
1.240482653826924739e+06
6.516469955458536278e+05
5.467586718437447416e+04
-5.429778860938448925e+05
-1.133852252272043843e+06
-1.710569405402385397e+06
-2.265931644889199175e+06
-2.793010994335430209e+06
-3.285238486108119600e+06
-3.736484845913121942e+06
-4.141138223286859691e+06
-4.494171783457256854e+06
-4.791206161255256273e+06
-5.030622611330222338e+06
-5.204723055937416852e+06
-5.314030956725787371e+06
-5.357198827590405010e+06
-5.333697868294369429e+06
-5.243824004837464541e+06
-5.088694246450708248e+06
-4.870233091869933531e+06
-4.591150207461837679e+06
-4.254907679828802124e+06
-3.865678808162425645e+06
-3.428298434806772973e+06
-2.948203098618400749e+06
-2.431365816440096125e+06
-1.884220716744835023e+06
-1.307783159671818605e+06
-7.206409106267355382e+05
-1.245124528707405116e+05
4.731693372804182000e+05
1.064952490086666076e+06
1.643462176663461141e+06
2.201492189249991439e+06
2.732097617030609399e+06
3.228680066182081122e+06
3.685071364561669063e+06
4.095607956014275085e+06
4.455201429176660255e+06
4.759398639761888422e+06
5.004436084245854057e+06
5.187283509345552884e+06
5.306533174164311029e+06
5.358350493703300133e+06
5.343597731230884790e+06
5.262451708262986504e+06
5.115908069633067586e+06
4.905770310850686394e+06
4.634628664057407528e+06
4.305830789948757738e+06
3.923441744172282517e+06
3.492196908117635641e+06
3.017444041982255410e+06
2.505079815317506902e+06
1.961475955695995130e+06
1.393401863235414261e+06
8.079381246052121278e+05
2.064076660253051086e+05
-3.917824123646882363e+05
-9.850805997968143784e+05
-1.566079524471399840e+06
-2.127526393740233034e+06
-2.662417077998539433e+06
-3.164082939534739126e+06
-3.626276318995755166e+06
-4.043246756943346467e+06
-4.409813388917311095e+06
-4.721426834269131534e+06
-4.974225263030564412e+06
-5.165079492583886720e+06
-5.291630703203225508e+06
-5.352317583145568147e+06
-5.345998362841684371e+06
-5.272881461759768426e+06
-6.101646807755972259e+05
-1.199811222960443003e+06
-1.774477974747786298e+06
-2.326992439844330307e+06
-2.850463511760628317e+06
-3.338367709334268700e+06
-3.784630355046943761e+06
-4.183702302379728761e+06
-4.530626691704339348e+06
-4.821100462978795171e+06
-5.051524968589670025e+06
-5.219049680521377362e+06
-5.321604990096011199e+06
-5.357926838943968527e+06
-5.326931248964427039e+06
-5.229619823153892532e+06
-5.067227962549205869e+06
-4.841769948957820423e+06
-4.556042134248150513e+06
-4.213588983843572438e+06
-3.818661606863055844e+06
-3.376165442253847606e+06
-2.891601891919721849e+06
-2.370999432907193433e+06
-1.820840561055337079e+06
-1.247979261987105943e+06
-6.595566641920462716e+05
-6.290902303727121762e+04
5.345233936914642109e+05
1.131141643389317906e+06
1.707707888034509029e+06
2.262994450964841060e+06
2.790090212915882003e+06
3.282441906447679270e+06
3.733933815827259794e+06
4.138964595635805279e+06
4.492514069726218469e+06
4.790205055389978923e+06
5.028354495417657308e+06
5.204017984431495890e+06
5.315023595682510175e+06
-5.013244478356750682e+06
-4.771419235431791283e+06
-4.470196029963872395e+06
-4.109477021987532265e+06
-3.700875906671677250e+06
-3.246169612361079548e+06
-2.751011927733354270e+06
-2.221565303874578793e+06
-1.664422838238193654e+06
-1.086527538131775567e+06
-4.950831793306986219e+05
1.025349483893405413e+05
6.988754742906698957e+05
1.286503654506410239e+06
1.858097570827552583e+06
2.406538835794115905e+06
2.925003957991031930e+06
3.407047841935679317e+06
3.850848555736274924e+06
4.242122025874864310e+06
4.580636447371223941e+06
4.862201334323659539e+06
5.083334308324331418e+06
5.241301309783607721e+06
5.334149362044958398e+06
5.360728888010870665e+06
5.320707476824825630e+06
5.214573851763779297e+06
5.043632350605774671e+06
4.809988436505374499e+06
4.516523935880595818e+06
4.166864285050773062e+06
3.765334986059533432e+06
3.312208622395468410e+06
2.822070982153661083e+06
2.296752114150698762e+06
1.742787898961963365e+06
1.167079471412966028e+06
5.768047802849013824e+05
-2.067037960710307743e+04
-6.178879077560079750e+05
-1.207390611552765826e+06
-1.781819279591578292e+06
-2.334004575573143549e+06
-2.857059670257216319e+06
-3.344466409857081715e+06
-3.790156415931559633e+06
-4.188587722404080443e+06
-4.537995031705004163e+06
-4.827132257872236893e+06
-5.056146094223504886e+06
-5.222203008845201693e+06
-5.323251643979109824e+06
-5.358046312228918076e+06
-5.326161403120526113e+06
-5.227996132363826968e+06
-5.064769741120397113e+06
-4.838506695653800853e+06
-4.552013220770073123e+06
-4.208843227352883667e+06
-3.813256732149695046e+06
-3.370167430501249153e+06
-2.885084223697536625e+06
-2.358671858300272841e+06
-1.807898631985671120e+06
-1.234583595775858033e+06
-6.458738033924167976e+05
-4.910934038628576673e+04
5.482678540566263255e+05
1.138810378827406093e+06
1.715157977614937816e+06
2.270132578165470157e+06
2.796826888906155247e+06
3.288692627334624529e+06
3.739620154104081914e+06
4.144015207656233106e+06
4.496865608981206082e+06
-3.201754171211173758e+06
-2.703127130363367498e+06
-2.165334718380108010e+06
-1.605713751945142169e+06
-1.026070666327245184e+06
-4.336324012127651949e+05
1.642140023166491301e+05
7.600132425813373411e+05
1.346338332175522577e+06
1.915882889700883534e+06
2.461555142295363825e+06
2.976566338845457882e+06
3.454514924570181873e+06
3.889467188196968287e+06
4.276028487728162669e+06
4.609410104808703065e+06
4.885485534872472286e+06
5.102677883225577883e+06
5.254005623171408661e+06
5.340057126388547942e+06
5.359766849370911717e+06
5.312887272038235329e+06
5.199991901080336422e+06
5.022468741544149816e+06
4.782504846525032073e+06
4.483060560724080540e+06
4.127835830625903793e+06
3.721225710525986739e+06
3.268269167010977864e+06
2.774587066057428718e+06
2.246315078457999043e+06
1.690026445132182911e+06
1.106795747598484624e+06
5.154322952004380641e+05
-8.236543499834323302e+04
-6.791352794007001212e+05
-1.267425803278160049e+06
-1.839893283666100819e+06
-2.389393373616008554e+06
-2.909073560726722702e+06
-3.392457828366789967e+06
4.951300023322226480e+06
5.149357461424235255e+06
5.283432299383892678e+06
5.351866789701105095e+06
5.353812789567979053e+06
5.289241850957501680e+06
5.157315590305328369e+06
4.962266931957146153e+06
4.705520284057105891e+06
4.390244488575376570e+06
4.020336297499159351e+06
3.600374919683140703e+06
3.135566232766129076e+06
2.631681184725991450e+06
2.094983722303519957e+06
1.532154927053306252e+06
9.502078607199494727e+05
3.564010366443456151e+05
-2.418554376005270751e+05
-8.370923053137513343e+05
-1.421878359468325274e+06
-1.994469847821847303e+06
-2.536396214200479444e+06
-3.046670211057258770e+06
-3.518935564210434444e+06
-3.947314880439724308e+06
-4.326483818566824310e+06
-4.651734869975722395e+06
-4.919035539292446338e+06
-5.125075580471348017e+06
-5.267307057252096012e+06
-5.343973563417361118e+06
-5.354131063548417762e+06
-5.297658449553798884e+06
-5.175258752971743234e+06
-4.988450891920192167e+06
-4.736758557824149728e+06
-4.428282326065367088e+06
-4.064663324610332493e+06
-3.650416606651355047e+06
-3.190689262978595216e+06
-2.691198953233539127e+06
-2.158162053603615146e+06
-1.598218054451346397e+06
-1.018344775086521986e+06
-4.257722662632948486e+05
1.721105260870932252e+05
7.678476383382735075e+05
1.354012682873119833e+06
1.923301139582625357e+06
2.468624551839711145e+06
2.988166245901580434e+06
3.465191884718582500e+06
3.899087499680159148e+06
4.284472402052151039e+06
4.616572008505853824e+06
4.891276403667764738e+06
5.105188154850654304e+06
5.255663194486175664e+06
5.340841343313893303e+06
5.359668035859454423e+06
5.311906845027255826e+06
5.198142350336190313e+06
5.019773469146870077e+06
4.778997873080192134e+06
4.478786095503149554e+06
4.122847714967525564e+06
3.711271538204624783e+06
3.257299833178197034e+06
2.762739755699540023e+06
2.233737982077416964e+06
1.676876883439515484e+06
1.099094196064204676e+06
5.075940485143584083e+05
-9.024237576689038542e+04
-6.869526008460209705e+05
-1.275086124600744108e+06
5.278891512726308778e+06
5.141881937952603213e+06
4.940961067473166622e+06
4.678605833387629129e+06
4.358054696181298234e+06
3.979264092854952440e+06
3.554416385610836558e+06
3.085292919460644946e+06
2.577718246792932507e+06
2.038003738217662089e+06
1.472867831974921515e+06
8.893537707553717773e+05
2.947390422639797325e+05
-3.035550472311213380e+05
-8.980597660985799739e+05
-1.481352336745434208e+06
-2.046152492548693437e+06
-2.585413222952769604e+06
-3.092411587162839249e+06
-3.560832520056406502e+06
-3.988844785654167645e+06
-4.362661964948018081e+06
-4.682113303307406604e+06
-4.943238089753251523e+06
-5.142803174606895074e+06
-5.278340737425745465e+06
-5.348177151952563785e+06
-5.351452715641310439e+06
-5.288131249357188120e+06
-5.159000307549717836e+06
-4.965661969260703772e+06
-4.710513458920297213e+06
-4.396719348961219192e+06
-4.028173052724159323e+06
-3.609451115682388190e+06
-3.140911718637004495e+06
-2.637651095053244382e+06
-2.101509693041190039e+06
-1.539166285181035055e+06
-9.576291407569496660e+05
-3.641494929149779491e+05
-2.192727099607167765e+06
-2.724029931359841954e+06
-3.221343693316616118e+06
-3.678475054421694018e+06
-4.089738003395691048e+06
-4.450022435760459863e+06
-4.754857748653193004e+06
-5.000465592239308171e+06
-5.183805906345544383e+06
-5.303468544695490040e+06
-5.355609635285449214e+06
-5.341098892321623862e+06
-5.260120035665775649e+06
-5.113679089198341593e+06
-4.903592161516745575e+06
-4.632464420206028968e+06
-4.303658515876342542e+06
-3.921255325261184014e+06
-3.490003841756381094e+06
-3.015264798783315811e+06
-2.502943682098216377e+06
-1.959419302663428476e+06
-1.391462713666851632e+06
-8.061539860902033979e+05
-2.048117411340844992e+05
3.931688539249548339e+05
9.862478643287882442e+05
1.567031897977681132e+06
2.128285812681138515e+06
2.663022170036210679e+06
3.164590668954577297e+06
3.626759218918832950e+06
4.043792411443750840e+06
4.410520094539635815e+06
4.722401192593663931e+06
4.975576865550162271e+06
5.166917230539353564e+06
5.294057345876295120e+06
5.355425459001587704e+06
5.349872815019678324e+06
5.277573627129306085e+06
5.139693734766989015e+06
4.937930178320673294e+06
4.674770469682958908e+06
4.353463166875370778e+06
3.977980733912527096e+06
3.552971555886320770e+06
3.083705535674974322e+06
2.576008951638418250e+06
2.036194605716608698e+06
1.470982289458965883e+06
8.874153544214055873e+05
2.927727055509143975e+05
-3.055251409313007025e+05
-9.000086432922532549e+05
-1.489007331115687266e+06
-2.053517940562333446e+06
-2.592397841039593797e+06
-3.098929004390847404e+06
-3.566802316830900032e+06
-3.990195744925059378e+06
-4.363847507795743644e+06
-4.683119038325423375e+06
-4.944052254699847661e+06
-5.143415882797935046e+06
-5.278744534854137339e+06
-5.348366971016424708e+06
-5.351425926917749457e+06
-5.287887695859368891e+06
-5.158542319736002944e+06
-4.962742136868669651e+06
-4.706787997032602318e+06
-4.392233363370155916e+06
-4.022981060160720721e+06
-3.603616435920928139e+06
-3.139350703984433319e+06
-2.635958642827663105e+06
-4.480929194268422201e+06
-4.780391310897487216e+06
-5.020310273402100429e+06
-5.197716483836046420e+06
-5.310416737203029916e+06
-5.357020280441298150e+06
-5.336954536084931344e+06
-5.250471727648524567e+06
-5.096803191384130158e+06
-4.880894436538579874e+06
-4.604225225549466908e+06
-4.270227074876150116e+06
-3.883045524706627242e+06
-3.447489273494261783e+06
-2.968973043206445873e+06
-2.453449857976361644e+06
-1.907338977136804257e+06
-1.337444232950673439e+06
-7.508703426311414223e+05
-1.549313780875670782e+05
4.429400858612051816e+05
1.035289272893124260e+06
1.614731969345030142e+06
2.179517669967210386e+06
2.711443043503748253e+06
3.209597871194135398e+06
3.667793049120284617e+06
4.080343064110488631e+06
4.442133905041708611e+06
4.748686127600681968e+06
4.996207237585300580e+06
5.181637565751531161e+06
5.302685412905310281e+06
5.357854403565702960e+06
5.346460546269510873e+06
5.268640460458278656e+06
5.125350026843910106e+06
4.918353311429659836e+06
4.647223056035689078e+06
4.320670144385228865e+06
3.940348815133814234e+06
-1.757384817793086404e+06
-1.182329331252363510e+06
-5.925281183058120077e+05
4.663088076577128959e+03
6.017970192402430112e+05
1.191427579110999359e+06
1.766206271190152969e+06
2.318973340974410530e+06
2.842849798531845212e+06
3.331321735098654870e+06
3.778322831695460249e+06
4.178307380732689053e+06
4.529521685540842824e+06
4.820670276525062509e+06
5.051897618775099516e+06
5.220345541127680801e+06
5.323932574606272392e+06
5.361377695843325928e+06
5.332215598411237821e+06
5.236802102345643565e+06
5.076310148950220086e+06
4.852716757691049948e+06
4.568779773737569340e+06
4.228006547186094336e+06
3.834611860895245336e+06
3.393468984203428496e+06
2.910049886402390432e+06
2.385001626930264756e+06
1.835240964300385676e+06
1.262586919906464173e+06
6.741774449855467537e+05
7.735334217667406483e+04
-5.204368345936544938e+05
-1.111729790050956421e+06
-1.689144594007351669e+06
-2.245474838871794753e+06
-2.773781779883130454e+06
-3.267481221366744023e+06
-3.720425526004448999e+06
-4.126981365313172806e+06
-4.482097602425497957e+06
-4.781368094044080004e+06
-5.021083634946019389e+06
-5.199725233588116243e+06
-5.311550418424053118e+06
-5.357264782007463276e+06
-5.336306540173666552e+06
-5.248938751356219873e+06
-5.096246119213471189e+06
-4.880121850214092061e+06
-4.603245750973704271e+06
-4.269051746846831404e+06
-3.881687774975760840e+06
-3.445964816243879963e+06
-2.967299731836283579e+06
-2.451647510997598991e+06
-1.905429173700690502e+06
-1.335450077477190644e+06
-7.428904075633467874e+05
-1.468608155102755700e+05
4.510006857243194245e+05
1.043239249997125473e+06
1.622471885850521969e+06
2.181482890692872927e+06
2.713313035141614731e+06
3.211348589941711165e+06
3.669401895123218186e+06
4.081789206141741481e+06
4.443398581820379943e+06
4.749752919185403734e+06
4.997062303160814568e+06
5.182269842527045868e+06
5.303086774191935547e+06
5.358233397169324569e+06
5.345935280446304008e+06
5.267217660519279540e+06
5.123047686748698354e+06
1.245966240768673830e+06
1.818999511669903761e+06
2.369363260603107978e+06
2.890208860020828433e+06
3.375060628343714401e+06
3.817897791257543955e+06
4.213226887953575701e+06
4.556149965357263573e+06
4.842422240828700364e+06
5.068503744103780016e+06
5.231600177459471859e+06
5.330344286805153824e+06
5.361561646660924889e+06
5.326169327693449333e+06
5.224600178266469389e+06
5.058103301774865016e+06
4.828730139802862890e+06
4.539310315057651140e+06
4.193419457832833286e+06
3.795336267410082277e+06
3.349992765785600524e+06
2.862913724681110587e+06
2.340150866905608680e+06
1.788206851886819815e+06
1.213956099048679462e+06
6.245567959984802874e+05
2.137618085313768461e+04
-5.761260289648276521e+05
-1.166435965955707710e+06
-1.742185277890296886e+06
-2.296188793862426188e+06
-2.821537548917709384e+06
-3.311684215122748632e+06
-3.760526798315258697e+06
-4.162482847185413353e+06
-4.512559386828664690e+06
-4.806413025843968615e+06
-5.040401968753715046e+06
-5.211630151329331100e+06
-5.317980644648555666e+06
-5.358140931336233392e+06
4.757281305542847142e+06
4.452412135757254437e+06
4.092146577885852661e+06
3.680943434108807240e+06
3.223898575272419956e+06
2.726684782593751792e+06
2.195481062560228165e+06
1.636897986122529488e+06
1.057893607578330906e+06
4.656877800716777565e+05
-1.323310592989396246e+05
-7.286979520965042757e+05
-1.315968255005215295e+06
-1.886811839371554321e+06
-2.434105713762911502e+06
-2.956019517185183242e+06
-3.435726250507289078e+06
-3.872585613878438249e+06
-4.261166537623791024e+06
-4.596643194453704171e+06
-4.874854677419316024e+06
-5.092354366094332188e+06
-5.246450707063818350e+06
-5.335239423150011338e+06
-5.357625218594572507e+06
-5.313334690576601774e+06
-5.202919266383334063e+06
-5.027748448798703961e+06
-4.789993974493096583e+06
-4.492603567157023586e+06
-4.139266666916862596e+06
-3.730076517741571646e+06
-3.278211775300470181e+06
-2.785489485135484487e+06
-2.258042272299909499e+06
-1.702439112342914566e+06
-1.125604879882114939e+06
-5.347314129426988075e+05
6.281163861738327978e+04
6.595722336021047086e+05
1.248108730668406701e+06
1.821086260736638214e+06
2.371367683389901184e+06
2.892105283367782366e+06
3.376824653003994841e+06
3.819506638944249600e+06
4.218354124538278207e+06
4.560535809166735969e+06
4.846011685259500518e+06
5.071251799067029729e+06
5.233472433205949143e+06
5.330669418085786514e+06
5.361640967885957099e+06
5.326001993233119138e+06
5.224188587856655940e+06
5.057453058566165157e+06
4.827849962636523880e+06
4.538211905118341558e+06
4.192117323603301309e+06
3.793847509667658247e+06
3.348336827859244775e+06
2.856049314259221777e+06
2.332839596126122400e+06
1.780540464038287289e+06
1.206030703113057185e+06
6.164716315433658892e+05
1.921844389580606730e+04
-5.782750942799771437e+05
-1.168549720009077108e+06
-1.744237477441193070e+06
-2.298154808393078856e+06
-2.823393073689407669e+06
-3.313407261281985790e+06
-3.762096300977552775e+06
-4.163880379704126157e+06
-4.513768111203381792e+06
-4.810058102975240909e+06
2.678301817595325876e+06
2.144242359448775183e+06
1.583442231403511949e+06
1.002887591751016909e+06
4.098179642041489715e+05
-1.883672699920523446e+05
-7.842010921844649129e+05
-1.370245944428324699e+06
-1.939186657768583391e+06
-2.483925384285752196e+06
-2.997669699504795950e+06
-3.474019848447417375e+06
-3.907047042096684687e+06
-4.291368200037349947e+06
-4.625235110574844293e+06
-4.897902405064261518e+06
-5.109572759865743108e+06
-5.257627212534154765e+06
-5.340235959931621328e+06
-5.356380149188561365e+06
-5.305863355465333909e+06
-5.189313813989276066e+06
-5.008176781275257468e+06
-4.764697796168310568e+06
-4.461895547799317166e+06
-4.103526765596595593e+06
-3.694040272826327011e+06
-3.238524402089674491e+06
-2.742643671247602906e+06
-2.207119189567523543e+06
-1.649214576380306389e+06
-1.070741801406924613e+06
-4.789135719424196868e+05
1.188882464382889884e+05
7.152082375740965363e+05
1.302610278759232722e+06
1.873773833236787468e+06
2.421584701836683787e+06
2.939226381562091876e+06
3.420263509605535306e+06
3.858723251838946249e+06
-5.155426899474263191e+06
-5.286165152075536549e+06
-5.351105471649179235e+06
-5.349093984206395224e+06
-5.280198589750280604e+06
-5.145588561909156851e+06
-4.946932662385427393e+06
-4.686693587631675415e+06
-4.368098177153337747e+06
-3.995099815638639499e+06
-3.572329976051678881e+06
-3.105043335670910310e+06
-2.599052425531435292e+06
-2.060656375579560874e+06
-1.496563258966468740e+06
-9.138044566658224212e+05
-3.196477532658715500e+05
2.784966116206737934e+05
8.790723962409867672e+05
