1.417764361200719140e+05
2.091952933063777164e+05
5.637881774032386020e+05
5.373889745666924864e+05
4.257376870385363000e+05
4.863780097580562579e+05
5.473643174568482209e+05
5.945006904250681400e+05
7.565816250418613199e+05
7.066045938053305726e+05
1.464091659565209411e+06
8.418066975433498155e+05
8.723402311444208026e+05
9.285631210349474568e+05
9.624983920414196327e+05
1.178786272980627371e+06
2.044279038893033750e+06
1.101006441117371898e+06
1.151307240522244014e+06
1.230239051390802255e+06
1.247054290944664972e+06
1.818644505178435473e+06
1.366275708025509957e+06
1.405289790092163254e+06
1.424524578850837890e+06
2.050366633899343899e+06
1.962377462370831752e+06
1.919222089988951338e+06
1.840309012504875660e+06
1.812743265606930712e+06
1.884618488304770784e+06
1.989232327040308854e+06
2.090111450758844148e+06
2.249513626870851032e+06
2.362098015981270000e+06
2.453949722222251352e+06
2.469444405111718457e+06
2.466350846049612388e+06
2.384104091933522373e+06
2.493755260956109036e+06
2.577040287737238687e+06
2.616671098187629599e+06
2.664768781458098907e+06
2.673480450988404918e+06
2.652732260400561616e+06
2.632678661756250542e+06
2.582397819323649164e+06
2.520797706525964197e+06
2.442456267674444243e+06
2.301452840834171977e+06
2.209327961588707287e+06
2.067055348316673422e+06
1.920388379123207647e+06
1.760060886174614308e+06
1.577777127038887236e+06
1.390927791534004267e+06
1.194829969213990029e+06
1.006879147232196759e+06
8.308846167238606140e+05
6.269824152784452308e+05
4.526910121211604564e+05
2.805304238760629669e+05
9.780873302724095993e+04
-5.149251198051660322e+04
-1.817584625046381261e+05
-2.874052092575703282e+05
-3.103436111354506575e+06
-3.136919861683801282e+06
-3.213808455792507622e+06
-3.200975972533103079e+06
-3.266675286705823150e+06
-3.394746366880893242e+06
-3.388946102584203705e+06
-4.622211250618087128e+06
-3.518762703587242402e+06
-3.648112006670177914e+06
-3.936612657338119112e+06
-3.764729278468036093e+06
-3.828045059274984524e+06
-3.884881318791408557e+06
-3.904740007352127228e+06
-4.221470898560222238e+06
-7.878084508863278665e+06
-4.082679681332235225e+06
-4.197264934113237076e+06
-4.257455868935629725e+06
-4.271565532708335668e+06
-2.184616067848306894e+07
-2.305799245721478015e+07
-4.376159449235184118e+06
-4.429594034399943426e+06
-4.472783382523362525e+06
-2.554641703967133537e+07
-2.237138876998950168e+07
-2.057816260146565363e+07
-1.068592020949153788e+07
-8.954021674023704603e+06
-7.066370734172686003e+06
-8.232495930288624950e+06
-5.743317519450455904e+06
-1.219472221224212646e+07
-1.611187446842325293e+07
-1.736771133502663672e+07
-2.287140819038850814e+07
-2.358443543392609060e+07
-2.570861380621637404e+07
-2.588751801925471798e+07
-7.404809725594012998e+06
-4.648683369971257634e+06
-4.728740741085997783e+06
-4.681407406525462866e+06
-1.610727202747804299e+07
-1.977138293638752401e+07
-1.998828037323061377e+07
-1.045189418563851900e+07
-4.588163919278952293e+06
-5.880139847921631299e+06
-8.122940317949065007e+06
-4.524783911333343014e+06
-4.555482934898356907e+06
-4.500464883692676201e+06
-4.518623456736229360e+06
-4.487345569417134859e+06
-5.259802770943263546e+06
-4.347797496875926852e+06
-5.730635990658369847e+06
-4.396605393911563791e+06
-4.394074353969022632e+06
-4.370432174081436358e+06
-4.345272711293913424e+06
-4.312878757402307354e+06
-5.438956914958478883e+06
-6.803996040861625224e+06
-4.382854076775156893e+06
-4.199252270279952325e+06
-5.790710941342326812e+06
-4.207902951339633204e+06
-5.451865284109542146e+06
-4.142337672833046410e+06
-4.062472969251853414e+06
-4.122884932359894738e+06
-4.118996478758989368e+06
-4.005053453163326252e+06
-2.245618125993677415e+06
-2.151410692569908686e+06
-2.064970069307686063e+06
-1.976346037298948038e+06
-1.910968589914307231e+06
-1.749013448848591186e+06
-1.629302868669664720e+06
-1.512819029002106283e+06
-1.386262724915327737e+06
-1.231152728362231748e+06
-1.049467049601672916e+06
-8.709831114835597109e+05
-6.815807151068157982e+05
-5.230872105679532979e+05
-3.671663985645017819e+05
-1.944713529485881736e+05
-1.702662651000785991e+04
1.682558983081809129e+05
3.601604960659979843e+05
5.565297320086376276e+05
7.534980070966886124e+05
9.531919276261631167e+05
1.148052055103159975e+06
1.353495909125821432e+06
1.538060626827917295e+06
1.719785403388665058e+06
1.887366497819145443e+06
2.042626672261434840e+06
2.185806390774457715e+06
2.297490533198077697e+06
2.400322425917694345e+06
2.491116150589914061e+06
2.553551704812609125e+06
2.587611656139214057e+06
2.621967449092403986e+06
2.640340481670673471e+06
2.683210684239629190e+06
2.700732084104050882e+06
2.747382052746293135e+06
2.765933501731917728e+06
2.852153373718319461e+06
2.772276952304139268e+06
2.662700211118959822e+06
2.617394896042200737e+06
2.522617947876715101e+06
2.395945534035613760e+06
2.331646580342398956e+06
2.222805412697923370e+06
2.799782585795962252e+06
2.011066372810656205e+06
1.953686981458012015e+06
1.852100518435679143e+06
1.745503222683697008e+06
1.641040872410171200e+06
1.899014732121578185e+06
1.419919577516436344e+06
1.277418327253035270e+06
1.185363505910914391e+06
1.052133064483020920e+06
9.343278844424347626e+05
8.026806419444436906e+05
2.183650435820998624e+06
5.280304479603189975e+06
4.093816066401205026e+05
2.653880321924579330e+05
1.167746261833850294e+05
-3.382411829535500146e+04
3.022432292815346271e+06
-1.941326684428509325e+05
-1.023251278643241152e+06
-1.727603159914770164e+06
-2.352513684712202288e+06
-1.111019777468832210e+06
-1.265808578005919699e+06
-1.514404194597597467e+06
-4.625483562137349509e+06
-4.492052185902822763e+06
-5.800008216717976145e+06
-7.253424614230759442e+06
-8.888169745763177052e+06
-8.831894938385847956e+06
-8.770220216008039191e+06
-2.025454116709016263e+06
-2.118545485554455779e+06
-2.209673614177116659e+06
-2.296719585951956455e+06
-9.450070034380586818e+06
-1.002169835257259756e+07
-9.330462994256757200e+06
-2.606736529990742914e+06
-4.380856412859978154e+06
-2.797659444843450561e+06
-2.815685164329784922e+06
-2.901285735959827434e+06
-3.235779136457416695e+06
-3.003109968486429658e+06
-4.810104705052569509e+06
-3.163348642563865520e+06
-3.228787813782209065e+06
-3.299486311278163455e+06
-3.299599553373723291e+06
-3.487928145698861685e+06
-3.518890821298283059e+06
-4.744916806315302849e+06
-3.536690175555603113e+06
-3.580657755891247652e+06
-3.556057547683932353e+06
-6.626203743025651202e+06
-3.697351923772601411e+06
-3.702944298596751876e+06
-3.712436118841193151e+06
-3.844584451570297126e+06
-3.883910678783932701e+06
-3.909716203099477571e+06
-5.335446888582797721e+06
-3.990664814920621924e+06
-4.018040781247642357e+06
-4.025538730254463386e+06
-4.219252053719559684e+06
-4.106251585102505982e+06
-4.010094637817935087e+06
-4.013906730998766609e+06
-3.998874213810469490e+06
-3.954211947063170839e+06
-3.998324270186656620e+06
-4.130498675716714934e+06
-4.173799041688190773e+06
-4.272712059479202144e+06
-4.234899056046896614e+06
-4.173014676944607403e+06
-4.065364464978067670e+06
-4.052541473770793527e+06
-4.102079727696917485e+06
-4.050665753750172909e+06
-4.063640091708172113e+06
-3.987890212452620734e+06
-3.944949314533932600e+06
-3.850249027117804624e+06
-3.730300786177170929e+06
-3.602054870499587618e+06
-3.454085937640907709e+06
-3.327478752581242472e+06
-3.117062695678885095e+06
-2.959891097183340695e+06
-2.734380011446465738e+06
-2.535996044730423484e+06
-2.329746668556077406e+06
-2.098714327301119920e+06
-1.876817578084210865e+06
-1.680265776847382076e+06
-1.467344983353900956e+06
-1.246332773222697666e+06
-1.064310127775693545e+06
-8.788254736136458814e+05
-6.909179219282021513e+05
-5.332847763398118550e+05
-3.758355763211262529e+05
-2.256270364922669833e+05
-7.846868236081782379e+04
2.803449879459758289e+06
2.833238557522539981e+06
2.929314580796197057e+06
2.934264214715030976e+06
2.924342868814525660e+06
2.997781685057381168e+06
2.993371334260229487e+06
3.004392119879991282e+06
3.149242088000808842e+06
3.078162038738171104e+06
3.088471165352221113e+06
4.565935959048652090e+06
3.128748743768718559e+06
5.027304116823479533e+06
5.572497084057438187e+06
3.165134843822369352e+06
4.475802876010555774e+06
3.192727022246611770e+06
3.148229978145021945e+06
7.313994227171752602e+06
1.628141017168199271e+07
1.976649178400496393e+07
3.195663199836915359e+06
3.095142846041639801e+06
3.124476335829149466e+06
3.149472172345376108e+06
2.639547934356990084e+07
1.959462561529811472e+07
1.485731273758481815e+07
1.129060474357161298e+07
6.588252706702155992e+06
1.016124699247821048e+07
2.787851084766329732e+06
3.872225440666380338e+06
9.870007989906597883e+06
1.770155038971413672e+07
1.770751405842096731e+07
1.783697425660878792e+07
2.211323646423256770e+07
2.342435097546618432e+07
2.301929899909050390e+07
3.569518077784475870e+06
5.023608161155601963e+06
2.367686699225682300e+06
2.368009270003906451e+06
1.557686030665601417e+07
1.675946831189984269e+07
1.520824481220972724e+07
2.170999840417797677e+06
2.125736473509940319e+06
2.058889090500006918e+06
1.965747617147254990e+06
1.995562546407688875e+06
1.918106426381316734e+06
1.862918406485106563e+06
1.795658904186493950e+06
1.780901563895289320e+06
1.750162383569090394e+06
2.683936076726671774e+06
1.665934361496941186e+06
1.620605620025099954e+06
1.540329040548160207e+06
1.516142718596782535e+06
1.487320795974190580e+06
1.437100671797817340e+06
1.412609333451587241e+06
1.376626626773193013e+06
1.338888222655411111e+06
1.300687623629729263e+06
2.737158591180835851e+06
1.241944256047306117e+06
1.203189948566330597e+06
1.173780693008671748e+06
1.131482982769160997e+06
1.169978835081132129e+06
1.278355905935721938e+06
1.046338072462910088e+06
-1.029348245374328457e+06
-1.113494347198343137e+06
-1.179555976517231204e+06
-1.276054258259308990e+06
-1.374272546624979470e+06
-1.517951569323062664e+06
-1.633694861408893950e+06
-1.770185893476898549e+06
-1.931254207287527854e+06
-2.098367484545421787e+06
-2.283923741489192471e+06
-2.456162055335271172e+06
-2.586269659636193886e+06
-2.739587262894054409e+06
-2.886915643106551841e+06
-3.044377580281830858e+06
-3.217807897631675936e+06
-3.383330856449605897e+06
-3.522659943548031151e+06
-3.692218310122814495e+06
-3.811687764898618683e+06
-3.940898119476924650e+06
-4.072749259096285794e+06
-4.205647301308631897e+06
-4.305939919091120362e+06
-4.427757872477638535e+06
-4.473177771383369341e+06
-4.528409706039849669e+06
-4.577058263904697262e+06
-4.622396148857730441e+06
-4.578194962980403565e+06
-4.558460966785861179e+06
-4.543108277019867674e+06
-4.501433886531685479e+06
-4.454760198517058976e+06
-4.355401213551000692e+06
-4.304162031283792108e+06
-4.281935256360365078e+06
-4.251179174089368433e+06
-4.238702346876944415e+06
-4.177782198950177059e+06
-2.596969580123716500e+06
-2.624092350768628530e+06
-2.433911861084268428e+06
-2.327420055578813422e+06
-2.227807676447608043e+06
-2.594266372637535445e+06
-2.045416597962881206e+06
-1.929097335634524468e+06
-1.836214869859288912e+06
-1.727977461035569664e+06
-1.723913905207448639e+06
-1.507392075225472683e+06
-1.541584619285931811e+06
-1.293507307373699034e+06
-1.182281863168764161e+06
-1.108657548892843071e+06
-9.440722123539098538e+05
-7.013031463655555854e+05
-6.993050155907988083e+05
-4.979062864348035073e+05
2.947091064629382454e+06
2.570773366068541072e+06
-1.925854370629308978e+05
-6.474122905768559576e+04
8.938855874897306785e+04
8.989456977056922391e+06
1.059150593998582661e+07
7.718629088441903703e+06
8.031796823497047648e+06
4.773768657589344308e+06
1.025318933848624467e+06
3.293501637140552048e+06
5.123681231881409883e+06
5.757850931126663461e+06
6.786746000445540994e+06
5.944772706584530883e+06
1.522418920215471089e+07
1.714538202660089731e+07
2.014184887664782256e+07
2.059607179120419919e+07
1.986420069632143155e+07
3.022330706204460002e+06
1.995899121376268566e+06
2.650990248100597411e+06
1.399589745296176337e+07
1.477413566965224966e+07
1.676601968647346646e+07
1.339296238215687498e+07
2.357872452448035590e+06
2.407531077403001487e+06
2.458971216766299214e+06
3.642378429759671912e+06
2.497166743006103672e+06
2.601659772468270734e+06
4.468993262638273649e+06
2.676325557370624505e+06
4.160200097383666784e+06
2.755509563750588335e+06
7.053113079064342193e+06
5.728218585313976742e+06
2.794243423086373601e+06
2.883748499955909327e+06
2.860194163537170738e+06
2.930284842365424614e+06
2.945597586596195120e+06
2.945637742190566380e+06
3.051450355971949641e+06
3.073161130559419747e+06
3.418347880180279724e+06
3.088692686915410683e+06
3.130623323845732957e+06
3.166611051950616296e+06
3.191470099145690911e+06
3.223391855962018017e+06
3.153641917814709246e+06
3.269672736673757900e+06
3.289783764649798162e+06
2.300271469716696534e+06
2.239927095556237735e+06
2.049845868977191392e+06
1.928056464501275215e+06
1.908536437957056332e+06
1.897630122024395037e+06
1.942398685063033830e+06
1.944051160085070180e+06
1.943531489040174289e+06
1.929680710986834252e+06
1.838710530835667625e+06
1.712629402218408184e+06
1.490020881014408311e+06
1.467426478181557730e+06
1.427151817276489921e+06
1.359264684138418175e+06
1.262904695786609314e+06
1.156484092615414178e+06
1.012161790645063273e+06
8.461385858865136979e+05
6.710066145076802932e+05
4.785755368679740932e+05
2.860781340722721070e+05
5.402207183448969590e+04
-1.413583131715126801e+05
-3.805045382640687749e+05
-6.097608954679896124e+05
-8.410669551737227011e+05
-1.073970023280247813e+06
-1.299912812974720029e+06
-1.519770388664970873e+06
-1.725735942365633324e+06
-1.928566261486317497e+06
-2.120316252191160806e+06
-2.289652177754550241e+06
-2.457913178783967160e+06
-2.598241715248780325e+06
-2.736294508722437546e+06
-2.890402083139734343e+06
-2.978109966340153478e+06
-3.121142664054322988e+06
-5.202188571712700650e+06
-5.166721582093645819e+06
-5.107321688694114797e+06
-5.204092915381959639e+06
-5.177769180353530683e+06
-5.131273670109422877e+06
-5.043163134043242782e+06
-5.148508955370021984e+06
-5.132616695111713372e+06
-5.804474970988003537e+06
-5.104224501611242071e+06
-5.015699887999884784e+06
-5.033232765721301548e+06
-8.822544982567846775e+06
-4.948749796905050986e+06
-4.899272360920427367e+06
-4.880787632879342884e+06
-4.903918247357698157e+06
-4.856323881450831890e+06
-4.745848361386915669e+06
-1.797552669152875617e+07
-1.755711302865257114e+07
-4.570119385089977644e+06
-4.561434296195092611e+06
-4.513898549495670944e+06
-2.253559628772900254e+07
-2.122937011604744568e+07
-1.658702344752617553e+07
-1.131410724971587956e+07
-9.581114170621220022e+06
-1.296741903237473406e+07
-7.512032170603999868e+06
-8.445251482368519530e+06
-7.005940422768473625e+06
-1.341557443963295780e+07
-1.407442566479668766e+07
-1.360379113593307137e+07
-1.374263759974124655e+07
-1.418387279828259535e+07
-1.436155977289748937e+07
-1.404110469757953659e+07
-3.181525732502410654e+06
-3.084922476862762123e+06
-4.883591664482152089e+06
-1.162618583425378054e+07
-1.123813811493042484e+07
-1.053773673733048886e+07
-2.723501029329475015e+06
-3.536257600934120826e+06
-2.583137979659376666e+06
-5.437152124841563404e+06
-2.450898358542067930e+06
-3.499854660831110086e+06
-2.811683420126134995e+06
-4.231113555987029336e+06
-2.199650095710379072e+06
-3.634331485650727991e+06
-2.985892605291648302e+06
-2.011564447096054209e+06
-1.961036039603652200e+06
-1.933048208329298068e+06
-2.436837941763079260e+06
-1.824577306702642702e+06
-1.750243699119420722e+06
-1.733004410156817874e+06
-1.682796525588858640e+06
-2.536355115264235996e+06
-1.569647436832614243e+06
-1.532218812172713922e+06
-1.480128754782745149e+06
-1.461351430376885459e+06
-1.419629774878507480e+06
-1.586376745612192433e+06
-1.674112991400994826e+06
-1.288351982704770984e+06
-1.257016947611186188e+06
-1.213807720061652828e+06
3.002654889154531993e+05
3.293015288778254762e+05
3.603739932423173450e+05
3.118994382493882440e+05
5.278413587359264493e+05
6.236720352102462202e+05
7.972900432198063936e+05
9.595115270356176188e+05
1.148109522427511634e+06
1.328374547794479178e+06
1.462976057174696587e+06
1.562687608805692289e+06
1.607851908183725318e+06
1.784229727026482578e+06
1.950564302775085205e+06
2.091714228951031342e+06
2.236685797543914989e+06
2.342315223393986467e+06
2.478921183174139820e+06
2.566995015595751815e+06
2.668247710104091093e+06
2.733425166329360567e+06
2.794284711363329086e+06
2.860550804861344397e+06
2.879105501937473658e+06
2.898512464889303315e+06
2.929441710242989473e+06
2.879433044872682542e+06
2.820917945387631189e+06
2.769314638047146145e+06
2.685802640968875494e+06
2.601380501876954921e+06
2.501125779937601648e+06
2.406918866097747348e+06
2.295654115511304699e+06
2.176054221946355421e+06
2.069421039147397038e+06
1.977013267133922083e+06
1.930458020316943526e+06
1.865234880958376452e+06
1.858091168571493821e+06
-2.155264123974815884e+05
-3.107122158833622234e+05
-4.158253323427864816e+05
-5.057176447137650684e+05
-6.095296933198679471e+05
-7.042751497206258355e+05
-8.179023180576816667e+05
-9.209564259087602841e+05
-1.375310822217385983e+06
-1.127503645341566298e+06
-1.767525415226173820e+06
-1.475650627332848730e+06
-1.452350623797551030e+06
-1.533583573397348169e+06
-1.683163534736623056e+06
-1.787822172323606210e+06
-3.135394700345189776e+06
-2.019510507265532389e+06
-2.097615640904679894e+06
-2.257360754250817001e+06
-1.112101938536664099e+07
-1.039371687644024007e+07
-2.553138889715764672e+06
-2.729219926198584493e+06
-4.203222696894811466e+06
-1.563663728267926723e+07
-1.579989583561110124e+07
-1.265412620938123390e+07
-1.183609928259735368e+07
-1.136338587267873622e+07
-1.177935678548692539e+07
-1.317692226220533438e+07
-1.078007589891620539e+07
-1.487163365616684221e+07
-1.253795212546618655e+07
-1.755618176936591789e+07
-2.160044386787893251e+07
-2.238231369879003242e+07
-2.334783048399860412e+07
-2.338826838467830420e+07
-4.496628284448458813e+06
-4.281907694356765598e+06
-6.048025904340233654e+06
-6.164478906154747121e+06
-1.905836605967414007e+07
-1.947970664267900586e+07
-2.086318513426764682e+07
-1.180414423811465688e+07
-1.084525868389799446e+07
-4.612471021684248932e+06
-5.961596475457004271e+06
-9.430952110187238082e+06
-7.745949099259903654e+06
-7.933842338052232750e+06
-4.742179337652551010e+06
-6.451328697660720907e+06
-4.791909883361241780e+06
-4.820349738992189057e+06
-4.831771914547748864e+06
-4.845673938971867785e+06
-6.504363330620523542e+06
-4.871754006489383988e+06
-5.769250740403804928e+06
-5.632325349555413239e+06
-4.855285268595378846e+06
-4.918587661758970469e+06
-4.914122598215371370e+06
-4.911892680119862780e+06
-4.958198617450430989e+06
-4.971743558932816610e+06
-7.973457698019936681e+06
-4.984359698003369384e+06
-5.007736903158254921e+06
-5.000562723806602880e+06
-6.153721171808640473e+06
-5.053591425214836374e+06
-4.993495301065005362e+06
-3.697154037088701967e+06
-3.587864923821199685e+06
-3.505725989988813177e+06
-3.441863995908589102e+06
-3.352126276130417828e+06
-3.276840597120717634e+06
-3.278755664383897092e+06
-3.227383275405637454e+06
-3.176918344613157678e+06
-3.067568103668100201e+06
-2.909758655433184933e+06
-2.735709281146954745e+06
-2.579159415634491015e+06
-2.483446283756523859e+06
-2.367033457819584291e+06
-2.239014468173080590e+06
-2.081252844047048129e+06
-1.918867475351249333e+06
-1.733901262283863965e+06
-1.541606823433707003e+06
-1.344192899040052202e+06
-1.112097626734560821e+06
-8.974635394916086225e+05
-6.280054445849694312e+05
-4.282847815235422458e+05
-1.893742224096185528e+05
3.323425628392398357e+04
2.584753322195655201e+05
4.753465254445350729e+05
6.778445989135822747e+05
8.649804175468595931e+05
1.040519535247258027e+06
1.202339852119202958e+06
1.352244533758196514e+06
1.478407976922850590e+06
1.599488495803136611e+06
1.715802674657535972e+06
1.830703448652731953e+06
1.929936090501766186e+06
2.098003958813624922e+06
3.780801505089687183e+06
3.790550519087503664e+06
3.729955723844667431e+06
3.681218956133542582e+06
3.615934591871475801e+06
3.553273546317318454e+06
3.460228029741929378e+06
3.497656633755745832e+06
5.811029976219552569e+06
3.368415362754110713e+06
6.808515738229285926e+06
3.969965910530878231e+06
4.705217538755068555e+06
3.098302077841307502e+06
3.138039301069481764e+06
4.740320786048671231e+06
2.898865850338981487e+06
2.800116783410297241e+06
2.735170920550296083e+06
3.976127030884874053e+06
2.600809061098840553e+06
1.411911242504516244e+07
9.996262547484371811e+06
2.321070350304950960e+06
2.166023560349156614e+06
2.042217851461573970e+06
1.837740313262205943e+07
1.489203401213518903e+07
1.032759242756405286e+07
1.039801398738826066e+07
4.985537946250045672e+06
3.633442502022234257e+06
2.932239844183238223e+06
5.051371088285441510e+06
4.040144449841997586e+06
4.496382792710156180e+06
5.438811855118138716e+06
7.071912416270866990e+06
6.867495825214933604e+06
7.972930959742533043e+06
8.055843906551582739e+06
5.323181444415098522e+05
2.682660844471112359e+05
1.667379207571870647e+05
1.190495114427566295e+06
3.571968734920888208e+06
2.735983022459826898e+06
1.807554997187487315e+06
-2.697143334181557875e+05
-3.522689123939778656e+05
-4.316442714515874977e+05
-5.016599697049745009e+05
-5.841795723971745465e+05
-6.552690977284077089e+05
-7.285158592624099692e+05
-9.526008465825046878e+05
-8.648651779322949005e+05
-9.269011007295763120e+05
-9.814133122207915876e+05
-1.049434887346711475e+06
-1.166989477625314379e+06
-1.170439338592446642e+06
-1.217868772162405308e+06
-1.287504908297007903e+06
-1.338881500588799361e+06
-1.373227133386995411e+06
-1.439610473229785217e+06
-1.494669468721595127e+06
-1.541865782580031548e+06
-1.590298077300061472e+06
-1.617333791440925095e+06
-1.846272867091924883e+06
-1.724550457761794329e+06
-1.773202292272552615e+06
-1.999555876490412513e+06
-2.132780629197780974e+06
-1.871581309417463606e+06
-3.221766821986816823e+06
-3.216682070455527399e+06
-3.220374369480966590e+06
-3.165334699279711116e+06
-3.191645889573774301e+06
-3.301576729844285175e+06
-3.486048682467689738e+06
-3.566689526686344761e+06
-3.713050177049867809e+06
-3.874552832292757928e+06
-3.926136320940422360e+06
-4.069708521134698298e+06
-4.032490740971186198e+06
-4.091489192657161504e+06
-4.231100682394976728e+06
-4.340068748790818267e+06
-4.378096472896954045e+06
-4.437512383358065039e+06
-4.488853778194339946e+06
-4.527637132744635455e+06
-4.533517234391365200e+06
-4.551932120651829988e+06
-4.537268199963102117e+06
-4.500586223723915406e+06
-4.410939449828690849e+06
-4.389815035143009387e+06
-4.308370237024180591e+06
-4.207913003741906025e+06
-4.107194392408284359e+06
-3.924624790815984365e+06
-3.806409178139820695e+06
-3.646072194225796498e+06
-3.475865079616547562e+06
-3.304029167179907672e+06
-3.171567388858637773e+06
-2.998346896863211878e+06
-2.838139429338386748e+06
-2.707221063874139916e+06
-2.569680640508223791e+06
-2.411002391644814052e+06
-2.338888413330065552e+06
5.844384389161230065e+05
6.689646712504525203e+05
7.429003277640598826e+05
8.223654508003764786e+05
8.930040510047602002e+05
9.606056145600003656e+05
1.044390547234316589e+06
1.199275579000818310e+06
1.183939347132631345e+06
2.689713425188790075e+06
1.350524929389915429e+06
3.186704878954860847e+06
2.225140412666453980e+06
1.620880291727761272e+06
1.661079577998439316e+06
1.744383981897041434e+06
2.150273852957852650e+06
2.325521035028507002e+06
5.080126892620133236e+06
2.244252113877940923e+06
3.779838398294714745e+06
1.212771390934374556e+07
4.777052906813773327e+06
2.314024425615618005e+06
2.379526039001912344e+06
6.999739285001521930e+06
2.525109527092948928e+07
1.725364441661176831e+07
2.147703992233446985e+07
2.730443609138180502e+06
7.495047042782255448e+06
1.132212767990275845e+07
4.155610218379438389e+06
1.495508049875932932e+07
1.816776945607952774e+07
1.354163693067042343e+07
1.663525045574845001e+07
2.426293760830946267e+07
2.682513322652458400e+07
2.758164092475925386e+07
2.731096701376477256e+07
2.997209153599626385e+06
3.060198135335324332e+06
2.999418861238653772e+06
1.748404905415533110e+07
2.063246482645795494e+07
2.170505843207701668e+07
1.730593546307289973e+07
3.015467182868095115e+06
6.578241569817406125e+06
7.291459269849120639e+06
3.010968011196802370e+06
3.096375017164812423e+06
3.693046856809968129e+06
3.084916213961182162e+06
3.061276225908075925e+06
3.063696670898091514e+06
3.036958323715959676e+06
3.036490116323380265e+06
3.025831829644208308e+06
2.988900799199881498e+06
5.050072707303402945e+06
3.009371513599264901e+06
2.921214405879287049e+06
2.931790446074210107e+06
2.985578550070991740e+06
2.968163712220032234e+06
2.975381716706655454e+06
2.952298120739411097e+06
2.952283292545661796e+06
2.944379706025161315e+06
4.518650515174405649e+06
4.583059274278479628e+06
2.830904287255532574e+06
2.851488023826803546e+06
2.894237999286439270e+06
3.728498292964658234e+06
9.449822331423847936e+05
8.154967476308308542e+05
6.945066897723033326e+05
5.519733272533423733e+05
4.916850824283999391e+05
3.689413742351665278e+05
2.840634522786219604e+05
1.990008791589609464e+05
9.438415991118748207e+04
-3.443964948244579136e+04
-1.908818127363438252e+05
-3.780130674611810828e+05
-6.060623453761424171e+05
-7.461737871625939151e+05
-8.759274182465178892e+05
-1.028570305551236495e+06
-1.186559616745362524e+06
-1.369054599347745534e+06
-1.554334288324508350e+06
-1.739736043987102574e+06
-1.951392615122583229e+06
-2.142029581696421839e+06
-2.366197753982933704e+06
-2.562890123606321868e+06
-2.762955708435163833e+06
-2.983984174534405116e+06
-3.179935587827014271e+06
-3.369282591310684569e+06
-3.525151483762319665e+06
-3.661337826839739922e+06
-3.788106040611750912e+06
-3.908027802948208060e+06
-4.034714320774544030e+06
-4.125236724758709315e+06
-4.168986445601556916e+06
-4.212906316236146726e+06
-4.292034288446980529e+06
-4.320890014821384102e+06
-4.338249602469669655e+06
-4.489642524077838287e+06
-4.483433877428489737e+06
-4.693717839886907488e+06
-4.581546472724424675e+06
-4.576364210501860827e+06
-4.881445715539345518e+06
-4.432743275831533596e+06
-4.299631133100473322e+06
-4.280237548404150642e+06
-4.211625690124994144e+06
-4.122147027725603431e+06
-7.253508936524837278e+06
-3.902918727649731096e+06
-7.628901071116448380e+06
-5.578473717665571719e+06
-3.649304265041534323e+06
-3.583558009471949190e+06
-5.512081673513540998e+06
-3.379709807269425597e+06
-3.255333107185408939e+06
-3.127740723956424743e+06
-3.049022305724988226e+06
-7.257387959514121525e+06
-8.837770343426380306e+06
-2.648507331987649202e+06
-2.902277805943673011e+06
-2.391461637891170569e+06
-2.230390907393552363e+06
-5.781544789745168760e+06
-4.577328637217920274e+06
-3.536393242425476201e+06
-2.286057162035902031e+06
-2.104526038287528791e+06
-1.759306100291226991e+06
-1.210872094369045459e+06
-6.520720299961687997e+05
-7.917573582308772020e+05
-4.169112562353443354e+04
2.794152601580899209e+06
3.811597935882078018e+06
5.594088673491712660e+06
5.862846221323871985e+06
4.938147278538721614e+06
-2.723767766347061843e+05
-2.151512161233348306e+05
-1.181489554716239218e+05
4.190063451860256027e+06
4.585014452062277123e+06
5.289014365107608028e+06
4.455556518317828886e+06
3.332435002669428941e+05
4.008573238941617310e+05
8.921970271092491457e+05
5.627948410992615391e+05
6.373945682379883947e+05
6.897117770940377377e+05
7.545374894890061114e+05
2.452357181609791704e+06
2.259641591743854806e+06
9.422806617359734373e+05
1.524809730997076025e+06
1.081732277151484275e+06
1.147388979369127657e+06
1.200466936438935809e+06
1.216740122873368440e+06
1.307505686071765143e+06
1.352102525553361513e+06
1.409947124859681819e+06
1.628014279120626161e+06
1.499445016241761623e+06
1.527003750015995465e+06
1.575542353051736020e+06
1.632135609201809857e+06
1.680966202037608717e+06
1.719315288284626091e+06
2.061181918873075396e+06
1.799610944772281451e+06
1.816044111243471969e+06
1.855102027746960986e+06
2.145021792965149973e+06
2.084879026082702680e+06
2.009346529247190570e+06
1.955812795366632985e+06
2.004865539389654994e+06
2.037987162717329804e+06
2.133396389632540289e+06
2.295656734863517340e+06
2.381153774734592065e+06
2.490717450025347993e+06
2.549768525684183929e+06
2.493925903972818516e+06
2.346692074534643907e+06
2.445310176714601461e+06
2.514606328525781631e+06
2.539518705454186536e+06
2.583137302365336102e+06
2.560823908392758109e+06
2.544109623372617643e+06
2.485747975233156700e+06
2.447306884501219261e+06
2.356822138384256046e+06
2.243815643468128983e+06
2.134894405250668526e+06
2.001138735871300101e+06
1.849098402425896842e+06
1.721898871336205164e+06
1.525183485696858028e+06
1.330818936885973439e+06
1.148684363656623522e+06
9.414492409641962731e+05
7.369721852049784502e+05
5.238384444671840756e+05
3.405090730558346258e+05
1.466313401310454356e+05
-4.368316553792578634e+04
-2.105958196503548243e+05
-3.857975821089417441e+05
-5.313181144145868020e+05
-6.534727098842931446e+05
-7.777292130794990808e+05
-3.532811650711624417e+06
-3.619829197982870042e+06
-3.610431878625334240e+06
-3.719737426161668263e+06
-3.779396341133663896e+06
-5.357022673253405839e+06
-5.997941576743110083e+06
-3.890689319094716571e+06
-3.917531975121379364e+06
-4.034187087657500524e+06
-5.017815980246431194e+06
-4.069073890895654913e+06
-4.185376694731405471e+06
-7.362264351126592606e+06
-4.252469736127372831e+06
-7.513936809311764315e+06
-4.754942738175311126e+06
-6.914861163691137917e+06
-4.494930686668738723e+06
-1.045517564082848281e+07
-1.876676475691548362e+07
-1.786815329353054985e+07
-4.829452011415756308e+06
-7.928078086784876883e+06
-4.706065405197440647e+06
-4.711093179473636672e+06
-2.631178098161105067e+07
-2.148941135152632743e+07
-2.178514748802021891e+07
-4.791157020100362599e+06
-1.498298647234880924e+07
-1.194489728102829307e+07
-1.404978901459309272e+07
-1.422922393090856075e+07
-1.663282530975543335e+07
-1.992675584425096586e+07
-2.349989179549646378e+07
-2.337306104441109300e+07
-2.508569832878389210e+07
-2.528222585010011494e+07
-9.670059298464391381e+06
-4.615913964586822316e+06
-7.048701690307152458e+06
-9.299431876994712278e+06
-1.683436633745935187e+07
-2.100531788436357304e+07
-2.164838684009677172e+07
-6.428736552156241611e+06
-8.712082592395883054e+06
-4.451462117937456816e+06
-4.350890883043938316e+06
-7.426262856443075463e+06
-6.728576485817331821e+06
-5.253117600923324004e+06
-6.007797877927976660e+06
-5.164118372295591980e+06
-4.250304879832877778e+06
-6.898383499034120701e+06
-4.130789726137870923e+06
-4.135596443515038583e+06
-4.030433958839313127e+06
-7.601451701999600977e+06
-4.077069748366869986e+06
-4.056311383253970183e+06
-3.986593544741000049e+06
-3.969747969497628976e+06
-4.190370549990003463e+06
-5.825167020055360161e+06
-3.936573953058986925e+06
-3.821831999165842310e+06
-3.859625365640289616e+06
-3.849066229399250820e+06
-3.764637631388134323e+06
-3.787053987578876317e+06
-3.728687136665090919e+06
-3.693233540260079782e+06
-3.748740460980900563e+06
-1.879631548675437924e+06
-1.760513646515388507e+06
-1.666727184769293759e+06
-1.601978776425222401e+06
-1.482708548170221504e+06
-1.371365089987467276e+06
-1.238237616873401450e+06
-1.106055481994689908e+06
-9.490914691623572726e+05
-7.750867236428766046e+05
-5.947585951707137283e+05
-4.097555375902914675e+05
-2.527014654235329363e+05
-9.424530768858967349e+04
7.467012551780600916e+04
2.518300385525517049e+05
4.323445001793273259e+05
6.196928587375946809e+05
8.059747820122147677e+05
9.917462708692121087e+05
1.182293493172390386e+06
1.376773297330220463e+06
1.554926323539484292e+06
1.750178235988837201e+06
1.913373917913588695e+06
2.067352412390615791e+06
2.217246543436867651e+06
2.345637215790847316e+06
2.441277195566435810e+06
2.531588849170266651e+06
2.606647983728070278e+06
2.647987485303800553e+06
2.701720238601000514e+06
2.695356617189143319e+06
2.743192847779036965e+06
2.737224351763335522e+06
2.689065600242742337e+06
2.718990423478544224e+06
2.724228880231426097e+06
2.818621891451078467e+06
2.876875299354813062e+06
2.358746187663538381e+06
2.319806912114867475e+06
2.210172597665097564e+06
2.136959821167537943e+06
2.026723190441509010e+06
1.909418337121542310e+06
1.864319411314164288e+06
1.709185336537460564e+06
1.593938607969109435e+06
1.508160365268310765e+06
1.418373929266817402e+06
1.303248405999786220e+06
1.183180012376649771e+06
1.065203993178971577e+06
9.587745670415798668e+05
8.319701308928452199e+05
7.109500285462826723e+05
5.833736075179537293e+05
4.560695639068079181e+05
5.301506458634897135e+05
1.695115602714118548e+06
1.571276871021890081e+06
-8.774792233432666399e+04
-2.379982146429789718e+05
-5.810234207741306163e+05
9.835914241337403655e+04
-6.517899035580400378e+05
-2.599492860293858685e+06
-2.952047482893374749e+06
-2.846036643593073823e+06
-1.464689935326773906e+06
-1.944105876569581917e+06
-2.400747075445295777e+06
-4.889275089251677506e+06
-7.759936660887701437e+06
-7.299399612078859471e+06
-9.702481848711438477e+06
-1.107942437453536876e+07
-1.125841623109333962e+07
-1.122783658465123177e+07
-4.372560114111866802e+06
-3.250000824839054607e+06
-2.539740377941552084e+06
-2.608045911292206962e+06
-1.025130052072368376e+07
-1.111178618367076665e+07
-1.238766210145345703e+07
-4.103348542160984129e+06
-3.673376343551544938e+06
-4.589793367922060192e+06
-3.137464407293894794e+06
-3.267747571473944467e+06
-5.497160557291384786e+06
-3.386857989334139973e+06
-4.230962640690132976e+06
-3.484808652399855666e+06
-5.622032322279484943e+06
-3.610310921199186239e+06
-3.666402548674324993e+06
-3.702966104988345876e+06
-3.741348100671318360e+06
-6.700987892585320398e+06
-3.844651304659202229e+06
-3.832172260740563739e+06
-3.924171897928086109e+06
-4.227344831215485930e+06
-4.012014935441739857e+06
-4.029971354671314359e+06
-4.058064835780566558e+06
-4.120668777577950619e+06
-4.099251537913009524e+06
-4.185419702731592581e+06
-4.192572475517583080e+06
-4.238839196533704177e+06
-4.286429238122766837e+06
-5.333167300881277770e+06
-4.335985010867510922e+06
-4.194501372569262050e+06
-4.103949954381881282e+06
-4.023073246743814088e+06
-3.936770288170849439e+06
-4.029395581341829617e+06
-3.989672583238191903e+06
-4.059622238575427327e+06
-4.141522915152349509e+06
-4.184344860276702326e+06
-4.210093872550832108e+06
-4.179776451807725243e+06
-4.071147424528134521e+06
-3.930683161091535818e+06
-3.909839254979658872e+06
-3.920898176567960996e+06
-3.905240333595234435e+06
-3.824072353215879295e+06
-3.775403121130337473e+06
-3.661298816126660910e+06
-3.533393871130319778e+06
-3.433544570237128064e+06
-3.258970467819753569e+06
-3.094831744133770000e+06
-2.932167787971603684e+06
-2.753092517477357760e+06
-2.537098551083325874e+06
-2.317889232598156203e+06
-2.104838570840401575e+06
-1.869605974810727639e+06
-1.627963584511113586e+06
-1.405330746675559087e+06
-1.192557300453636097e+06
-9.846514526752721285e+05
-8.050415337269490119e+05
-6.030495568508990109e+05
-4.229242532355291769e+05
-2.583609441261251341e+05
-9.168730959878861904e+04
5.951064917354003410e+04
2.037905014608361525e+05
3.511972879586570198e+05
3.106979784215994179e+06
3.183184048003349453e+06
3.144872691846210975e+06
4.023146792873198632e+06
4.845231158858328126e+06
3.767403277080857195e+06
3.166081856521570124e+06
3.263579238689843565e+06
3.276943414709157776e+06
3.281061972396407742e+06
3.272762866231395397e+06
3.258925828546409030e+06
3.240025680139169563e+06
3.289053009090981446e+06
3.289091055637895595e+06
4.288162298807184212e+06
3.297688574993707240e+06
3.290362945809216704e+06
3.252453190153931268e+06
3.256062196787972935e+06
1.887917660935733840e+07
1.960870073374365270e+07
3.148470519920319319e+06
3.162728313301593065e+06
3.117754137796968222e+06
2.665972518318127841e+07
2.601546268096955121e+07
2.093577262287877873e+07
2.001989967602993175e+07
1.034789883852854744e+07
1.536363929762133583e+07
9.664234710985051468e+06
1.680421943366220966e+07
1.179850043389420956e+07
1.435264817635922506e+07
9.657394356768809259e+06
1.855493175973951817e+07
2.020926325513732433e+07
2.150285815878979117e+07
2.157747668428044766e+07
4.006682389895481989e+06
7.376175874764746055e+06
2.194300096173807513e+06
5.640687644335754216e+06
1.599356203839413635e+07
1.439831782547613420e+07
1.440707991715313680e+07
4.277394166811938398e+06
1.822361334407612681e+06
6.483440059921771288e+06
2.221025278888514731e+06
1.665335740943061421e+06
1.600150156263960060e+06
1.529818265951620881e+06
1.512359814484197181e+06
1.454085168726305477e+06
1.413558150740540121e+06
2.461906212322534993e+06
1.289641039749738760e+06
1.247286144297806080e+06
1.224598186872726306e+06
1.164329845998626202e+06
1.134759885188022163e+06
1.093457615599371726e+06
1.050715140587098897e+06
9.765679301288693678e+05
9.663252915293420665e+05
9.044297382008683635e+05
1.791264019487831974e+06
8.412618452339222422e+05
8.113312077015663963e+05
7.603619153150089551e+05
7.293995791625094134e+05
6.905022728440912906e+05
6.639632309163515456e+05
6.234287968577691354e+05
1.009549395937129506e+06
-1.380754584152576979e+06
-1.508337129901856184e+06
-1.580776285079024034e+06
-1.576764350146453595e+06
-1.763622082372250967e+06
-1.896060112367099151e+06
-2.036072063139312435e+06
-2.181752903555881232e+06
-2.319051697394317482e+06
-2.523135941577683669e+06
-2.689619386938011274e+06
-2.820081954671819229e+06
-2.928029081409813836e+06
-3.094787883208708838e+06
-3.245375554474164266e+06
-3.403790772138921544e+06
-3.532968687911799643e+06
-3.698845788124839775e+06
-3.839316688841052353e+06
-3.951224416691967286e+06
-4.074948303602352738e+06
-4.220366230198919773e+06
-4.320365155147091486e+06
-4.398849743141373619e+06
-4.482259094222303480e+06
-4.550538998788445257e+06
-4.573415863149872981e+06
-4.613980773289657198e+06
-4.616922823696430773e+06
-4.597063542194208130e+06
-4.565170297523421235e+06
-4.532657364753158763e+06
-4.455159703651624732e+06
-4.379873252722841688e+06
-4.323340093891724944e+06
-4.239600165165243670e+06
-4.165816083174158819e+06
-4.091301539883934427e+06
-4.014739986945461016e+06
-4.075349270733929239e+06
-4.034271435690821614e+06
-2.096210207273034612e+06
-2.005251640279384796e+06
-1.895502750639654463e+06
-1.803610683545058127e+06
-1.723461708317361306e+06
-1.619434696986361407e+06
-1.521846823187609203e+06
-1.583369428706377046e+06
-1.313433012192602037e+06
-1.216460933781257365e+06
-1.196334599233113928e+06
-1.000837463732030126e+06
-8.879841575183442328e+05
-7.786976011548662791e+05
-6.631973679483883316e+05
-4.847287499963844311e+05
-4.276051678216918372e+05
-3.097503104288288741e+05
-1.988131696095818770e+05
