5.301118003478384577e+06
5.283286488238700666e+06
6.115826617123189382e+06
5.855461322384575382e+06
5.340191211509400047e+06
5.331688107256777585e+06
5.330598350429005921e+06
5.300078933514658362e+06
5.550732980871513486e+06
5.298799762367672287e+06
6.455369690295229666e+06
5.362754034326259047e+06
5.316994497546719387e+06
5.330960810582147911e+06
5.300288919790746644e+06
5.599480733275606297e+06
6.558535337258650921e+06
5.296406311799699441e+06
5.306799654298127629e+06
5.363157593040592037e+06
5.317147104684936814e+06
6.013313600784020498e+06
5.371657126385502517e+06
5.365364747266312130e+06
5.331682426292106509e+06
6.086812201260652393e+06
6.078245581190249883e+06
6.143759132632622495e+06
6.175788037973439321e+06
6.295532611613936722e+06
6.234175257747920230e+06
6.257420621422226541e+06
6.193220248302552849e+06
6.202976709158272482e+06
6.180560694613068365e+06
6.172316327322919853e+06
6.133776942358102649e+06
6.264710957803105935e+06
6.233641429226260632e+06
6.221414344224802218e+06
6.203858668043009005e+06
6.149831102710409090e+06
6.161002678343292326e+06
6.142450915691027418e+06
6.115266726937650703e+06
6.122297625796708278e+06
6.108250194556145929e+06
6.104149979370718822e+06
6.104108205260691233e+06
6.003200595173143782e+06
6.045645329752980731e+06
6.011474468192876317e+06
6.004838191059391014e+06
5.995273349580040202e+06
5.969691776217947714e+06
5.956404145971056074e+06
5.937368858852403238e+06
5.937184389866285957e+06
5.957095230774721131e+06
5.922248461485157721e+06
5.923701960704596713e+06
5.914393618652261794e+06
5.862130820809608325e+06
5.830128836197175086e+06
5.791368283038192429e+06
5.753601866380940191e+06
4.681450382447614335e+06
4.677250758265956305e+06
4.706706729317131452e+06
4.661772525504340418e+06
4.680053934092806652e+06
4.745443766768273897e+06
4.705068245443984866e+06
5.455221055527677760e+06
4.729360236650236882e+06
4.785278811722368002e+06
4.941642501143945381e+06
4.793087170005960390e+06
4.797979714982512407e+06
4.798966220847946592e+06
4.778085930400365964e+06
4.934148578278912231e+06
6.177728280710605904e+06
4.788826326358184218e+06
4.825159797789619304e+06
4.829368832672641613e+06
4.824359760791083798e+06
-8.335105661792806350e+05
-1.926661361005906947e+06
4.786399266416650265e+06
4.790329266290610656e+06
4.791974867402203381e+06
-8.765504950211020187e+06
-1.475365574773899280e+05
1.944216578307675198e+06
6.022279873266321607e+06
5.943783768649920821e+06
5.599964452895845287e+06
5.812084062951725908e+06
5.176568726012909785e+06
5.801196608979866840e+06
4.660176407575752586e+06
3.981160688556458335e+06
-1.181852044400684070e+06
-2.625465998952621128e+06
-9.042492048421418294e+06
-1.023041824983850494e+07
5.621874228558843955e+06
4.710124416667802259e+06
4.744006895218032412e+06
4.723386911300018430e+06
4.395538834173120558e+06
1.736172944332545390e+06
1.397189494487786200e+06
5.781877102741129696e+06
4.686035019036603160e+06
5.186463548933248036e+06
5.664318311877992004e+06
4.666080372283864766e+06
4.683125311639879830e+06
4.661427029324301518e+06
4.673995031545586884e+06
4.663781967647211626e+06
4.989661335429474711e+06
4.604187681899836287e+06
5.156214189564778470e+06
4.635690955319963396e+06
4.638225968844113871e+06
4.631474187752312981e+06
4.622584304718097672e+06
4.609663336831972003e+06
5.067780356995123439e+06
5.401228479840245098e+06
4.653398029065835290e+06
4.564714492626720108e+06
5.169715659623871557e+06
4.575395791071854532e+06
5.067655613632965833e+06
4.546520734810077585e+06
4.508456599097131751e+06
4.541618073029704392e+06
4.541922185536388308e+06
4.487556097983405925e+06
5.274831820590220392e+06
5.350348061541432515e+06
5.455953335171355866e+06
5.579672590873163193e+06
5.605919283561712131e+06
5.572162965186223388e+06
5.535611477293455042e+06
5.505977811328931712e+06
5.510585169429194182e+06
5.497077225317893550e+06
5.441696570555464365e+06
5.519974461465939879e+06
5.594332512355176732e+06
5.620408931408705190e+06
5.613710938265707344e+06
5.579286866305660456e+06
5.549050085327180102e+06
5.570879775000063702e+06
5.562037158669905737e+06
5.606627269852233119e+06
5.599082163001718931e+06
5.627868873295059428e+06
5.620452016785318032e+06
5.635183677498868667e+06
5.717275477031785995e+06
5.723900445244194940e+06
5.745169390599088743e+06
5.776426816999142990e+06
5.826615058890246786e+06
5.844352572473255917e+06
5.885936153467905708e+06
5.938724762438570149e+06
5.969537269606536254e+06
5.983191196135781705e+06
6.012415573425238952e+06
6.033774873500979505e+06
6.075486969914909452e+06
6.086158540120727383e+06
6.102221262497683056e+06
6.076005601186122745e+06
6.068684641424941830e+06
5.523695455652200617e+06
5.518122971785641275e+06
5.591592326218546368e+06
5.603798981469877996e+06
5.567682733095827512e+06
5.623481984924277291e+06
5.612935353394589387e+06
6.563685323418781161e+06
5.597179188919819891e+06
5.679181441928986460e+06
5.685916052021278068e+06
5.689859028361798264e+06
5.697527209886876866e+06
6.452021207154355012e+06
5.711125287367171608e+06
5.640804337292884476e+06
5.715109972299414687e+06
5.678468598124129698e+06
5.695984738240831532e+06
5.671252961980516091e+06
8.624706444966282696e+06
5.183497619610108435e+06
5.677574787982360460e+06
5.678288770440926775e+06
5.680291500368875451e+06
6.130205686101132073e+06
-2.966207860242680181e+06
6.032520964886217378e+06
5.766268718833206221e+06
7.740232739079949446e+06
7.917170583332090639e+06
5.501868076413155533e+06
5.485190211695081554e+06
5.707560078317841515e+06
7.030882907058023848e+06
7.530200057763706893e+06
6.573806084547532722e+06
4.466634892322940752e+06
-1.223261476963641588e+06
-5.463886335694247857e+06
-5.497477522862308659e+06
5.377871509219259024e+06
5.374197557776383124e+06
5.357268902427655645e+06
5.340701438884496689e+06
3.206695067049196921e+06
2.856063974826305173e+06
4.988841862487390637e+06
5.220226779315302148e+06
6.562492887572251260e+06
5.224534535291541368e+06
5.151583890233076178e+06
5.152670553172376007e+06
5.384016250453159213e+06
5.093646207378444262e+06
6.269712760998980142e+06
5.097880911457556300e+06
5.088768602173782885e+06
5.085847149216678925e+06
5.025469591404255480e+06
5.118630296551272273e+06
5.085693436085356399e+06
5.791094603417051956e+06
4.995061276015220210e+06
4.977483643225247972e+06
4.912552289580202661e+06
6.198481546219248325e+06
4.922652702346298844e+06
4.884956637211938389e+06
4.847939467313728295e+06
4.894367723614799790e+06
4.880813289538285695e+06
4.857907601739614271e+06
5.521851016207960434e+06
4.833629553819524124e+06
4.814180067877008580e+06
4.784430062757410109e+06
5.220053802001546137e+06
5.246244669341755100e+06
5.292294820700470358e+06
5.428087289063209668e+06
5.442870786609441042e+06
5.349733792622696608e+06
5.300884138031371869e+06
5.264425382657471113e+06
5.182280373388719745e+06
5.168267112835697830e+06
5.091149292422547005e+06
5.070253986606520601e+06
5.219653943531979807e+06
5.171208518239697441e+06
5.133493985821674578e+06
5.028383073401108384e+06
5.023316517554941587e+06
4.965455214079071768e+06
4.970342133846174926e+06
4.952575785410268232e+06
4.933970247183950618e+06
4.932599870252573863e+06
4.934122049533510581e+06
4.936101971620570868e+06
4.929043337524797767e+06
4.990553058568612672e+06
4.981138294978408143e+06
5.020089240417749621e+06
5.063715953672343865e+06
5.088229652608785778e+06
5.123161842439056374e+06
5.195499969628613442e+06
5.242576512986280955e+06
5.266986449880915694e+06
5.332103457523437217e+06
5.376898408161605708e+06
5.394050990999584086e+06
5.432525767482290976e+06
5.444760000206775963e+06
5.437098617019234225e+06
5.404761643027927727e+06
5.202873816913720220e+06
5.250202321489515714e+06
5.360945475280468352e+06
5.381589895733136684e+06
5.386173702627981082e+06
5.470815627156947739e+06
5.478293832063004375e+06
5.499812709095649421e+06
5.650065319720720872e+06
5.592834209706252441e+06
5.615040292205817997e+06
6.816308902559263632e+06
5.672887420354017988e+06
7.144095953069943003e+06
7.484217588455464691e+06
5.749499691696765833e+06
6.833563556986583397e+06
5.807354326687537134e+06
5.787225485603125766e+06
8.418353686427334324e+06
9.169547768717193976e+06
7.951719613771514967e+06
5.929297858869646676e+06
5.862426729632876813e+06
5.926150212774469517e+06
5.989322580112300813e+06
1.834709923593177926e+06
7.850086850619286299e+06
9.428190029069729149e+06
9.630326665692936629e+06
8.517975956229330972e+06
9.557115969042383134e+06
5.992564734004894271e+06
7.021871492842155509e+06
9.534861082792310044e+06
7.576770513108856045e+06
7.296822225614516996e+06
6.877020050287354738e+06
1.298940737156546675e+06
-1.252046670872784220e+06
-1.538945333041241392e+05
7.032371986468733288e+06
8.093804827953124419e+06
5.948290674032618292e+06
6.021791291808316484e+06
7.619849501879763789e+06
6.349978864720680751e+06
7.395595252301797271e+06
5.971728011164592579e+06
5.965444298907319084e+06
5.934139928395734169e+06
5.868654810079243965e+06
5.955329669597998261e+06
5.905839109101003036e+06
5.884528801483973861e+06
5.844203345892822370e+06
5.873051089011805132e+06
5.880527739274673164e+06
7.030150700185868889e+06
5.860641091236598790e+06
5.842783918948992155e+06
5.771907501062483527e+06
5.784804055609134026e+06
5.788820895698222332e+06
5.757425071644932032e+06
5.766239379326675087e+06
5.756049627223747782e+06
5.741723856253033504e+06
5.725562967492795549e+06
7.500414462377723306e+06
5.719351463296518661e+06
5.697740145724550821e+06
5.695423301259688102e+06
5.666647001814000309e+06
5.787067844738109037e+06
6.030536386671988294e+06
5.652753597513980232e+06
5.862184078991159797e+06
5.897333113522606902e+06
5.881027999015809968e+06
5.973796785229508765e+06
5.972799439538542181e+06
5.945823544629465789e+06
5.859747568100837059e+06
5.761063016983476467e+06
5.696294789905142039e+06
5.622056613336686045e+06
5.588858435664149001e+06
5.582350970732044429e+06
5.665357258480254561e+06
5.571508829560407437e+06
5.471361349475421943e+06
5.391191845261689276e+06
5.351578537710510194e+06
5.307905278444555588e+06
5.230254385766087100e+06
5.207338157649598084e+06
5.129425286835271865e+06
5.074437729269653559e+06
5.038195624174625613e+06
5.019422757720624097e+06
4.974801060928218998e+06
4.973097039426515810e+06
4.917879845521323383e+06
4.899796713103357702e+06
4.897810452363437042e+06
4.916065036806171760e+06
4.881198029418716207e+06
4.887971802532233298e+06
4.909907863089912571e+06
4.923228483554803766e+06
4.938362264722492546e+06
4.932475370946539566e+06
4.943820254503084347e+06
4.952873164908489212e+06
4.941488672802628949e+06
4.912716475409838371e+06
4.845436338735746220e+06
4.327241296367364004e+06
4.516040409340608865e+06
4.444171652999976650e+06
4.469712096158442087e+06
4.506323174256822094e+06
5.252512019474586472e+06
4.610310668603349477e+06
4.614417225670312531e+06
4.673059880449633114e+06
4.699437790116299875e+06
5.062875604116296396e+06
4.743499514256590977e+06
5.448575563612697646e+06
4.851865884186847135e+06
4.918045749370807782e+06
6.202357923111356795e+06
4.985485976202302612e+06
6.346095587643578649e+06
5.058422873563875444e+06
5.621817477688056417e+06
4.331041360673248768e+06
6.131993166121702641e+06
5.185209680384722538e+06
5.194947612586839125e+06
5.284920118986073881e+06
-7.076745970892671030e+05
-2.260713399318841752e+06
5.606873907008996233e+06
5.954165422147259116e+06
7.861927827140852809e+06
5.477263939320096746e+06
7.551089447680383921e+06
8.117450709777956828e+06
8.207884123578225262e+06
8.287348081399344839e+06
8.249719891714974307e+06
4.418407630175191909e+06
2.901977189759692643e+06
-1.456673537917875219e+06
-2.729078131689494010e+06
-1.238742906423133332e+06
6.789752754362962209e+06
5.725877937014657073e+06
6.340276948290145956e+06
6.945199561371093616e+06
6.675788469649210572e+06
5.481780366332301870e+06
7.740489766761764884e+06
5.750627853231820278e+06
5.753654894077309407e+06
5.758704413564429618e+06
6.747664999028054997e+06
5.712229583561886102e+06
5.776915299238323234e+06
7.190483908976241015e+06
5.774290860934225842e+06
6.932193604501839727e+06
5.783225672142016701e+06
8.206238212284763344e+06
7.700374057738645002e+06
5.724116719112039544e+06
5.779505211311189458e+06
5.730814214398233220e+06
5.766677248987869360e+06
5.753855357005583122e+06
5.726494833786994219e+06
5.797827535334782675e+06
5.790836482270540670e+06
6.056746024496464990e+06
5.757587507622846402e+06
5.769905624721308239e+06
5.779457874422796071e+06
5.777694137856263667e+06
5.781760143363917246e+06
5.702391499032869935e+06
5.779835335903463885e+06
5.776389853136643767e+06
6.225020166841722094e+06
6.338789198680844158e+06
6.289554792495264672e+06
6.433001761186923832e+06
6.332898294518966228e+06
6.319962595107957721e+06
6.337934573005938902e+06
6.260512438167142682e+06
6.214299948571007699e+06
6.216347702397553250e+06
6.163201163705462590e+06
6.225504498352631927e+06
6.269395710657407530e+06
6.198557757194109261e+06
6.157676150146221742e+06
6.109581051441025920e+06
6.058485051607985049e+06
6.051368325067019090e+06
6.000261477429345250e+06
5.932236681007748470e+06
5.896908486100281589e+06
5.848072371225212701e+06
5.874110656616993248e+06
5.794337203140992671e+06
5.747987419904571958e+06
5.693188494781592861e+06
5.687256766209170222e+06
5.664502891150189564e+06
5.597830833871245384e+06
5.580677849013680592e+06
5.564339950826152228e+06
5.513980727342052385e+06
5.523745160761745647e+06
5.514882110571853817e+06
5.482453492401555181e+06
5.479052331419522874e+06
5.438714710862460546e+06
5.407755113007257693e+06
5.394061578121000901e+06
5.293837586362110451e+06
5.240255016068779863e+06
4.198489181376048364e+06
4.214553218795903027e+06
4.219291508107731119e+06
4.291055024366221391e+06
4.309459922142944299e+06
4.316205584221042693e+06
4.303097370369245298e+06
4.377356919343588874e+06
4.396392811856273562e+06
4.709567604125891812e+06
4.438063143416753039e+06
4.425017968064300716e+06
4.460490852932459675e+06
5.551142567971605808e+06
4.482074696238592267e+06
4.490460292477522045e+06
4.515128594209562987e+06
4.562332243068237789e+06
4.576307293003230356e+06
4.563126315827037208e+06
3.123850730089671910e+06
3.278910645976015367e+06
4.603101558515808545e+06
4.649184344278194942e+06
4.678229055672759190e+06
-7.161335265715239570e+06
-4.714187523745054379e+06
2.357972650614495389e+06
5.538388849637682550e+06
5.866036113189479336e+06
4.481884955299651250e+06
6.017816144386293367e+06
6.022033941708127037e+06
6.047638965858695097e+06
2.515975089497518726e+06
5.247462593034193851e+05
3.515212332755830139e+05
-2.152903523963289335e+06
-6.361668183238837868e+06
-9.307396454235734418e+06
-1.766708357659626519e+06
4.866025631955168210e+06
4.850997950013077818e+06
5.921768477165427059e+06
1.311143023809902370e+06
1.022719170453345054e+06
1.756048043250234565e+06
4.900171949751020409e+06
5.587135676156776026e+06
4.894816689893004484e+06
6.225398914941081777e+06
4.901837367242249660e+06
5.832718976338039152e+06
5.391647151552475989e+06
6.232340959975802340e+06
4.907129315204411745e+06
6.133895776267299429e+06
5.821016674446662888e+06
4.888655801584042609e+06
4.893664990037409589e+06
4.928077050971559249e+06
5.620379871824970469e+06
4.919017224873277359e+06
4.880227041437895969e+06
4.927617915149730630e+06
4.922772105814184994e+06
6.064584304000427946e+06
4.881989440497510135e+06
4.893035787469581701e+06
4.872435034100983292e+06
4.918586338493506424e+06
4.916581111941055395e+06
5.351071930403900333e+06
5.614200529048794881e+06
4.888906142141238786e+06
4.906789595416560769e+06
4.894583383880149573e+06
5.715621252947403118e+06
5.778007381352867931e+06
5.862872110639779828e+06
5.938475294932376593e+06
6.006859348082456738e+06
5.916073345132090151e+06
5.932428252903427929e+06
5.893227989233903587e+06
5.909925658172644675e+06
5.925980744662310928e+06
5.899459376631124876e+06
5.960396052575545385e+06
6.024535564939331263e+06
6.029120260321299545e+06
6.024479417194481939e+06
5.990519835327233188e+06
6.001044726952218451e+06
5.957284474400416948e+06
6.005606486162013374e+06
5.983742425033637322e+06
6.010716322270672768e+06
5.994048987523939461e+06
5.994641635927403346e+06
6.032890429332217202e+06
6.012043639124480076e+06
6.026300553056414239e+06
6.093782900588295422e+06
6.059088468099862337e+06
6.046858183125244454e+06
6.073047421188740060e+06
6.078044898037825711e+06
6.097509180063333362e+06
6.108275854595872574e+06
6.131390679656213149e+06
6.133699899979453534e+06
6.124903881561896764e+06
6.116729363564735278e+06
6.103259191620298661e+06
6.098315671259707771e+06
6.050219492098812945e+06
6.018175600614732131e+06
5.105086472069188021e+06
5.122846032045334578e+06
5.203898448862565681e+06
5.166077498040447943e+06
5.203516220160960220e+06
5.193769387165179476e+06
5.244962709785747342e+06
5.250093286764471792e+06
6.097312912812718190e+06
5.249354090124606155e+06
6.265642681658394635e+06
5.503949508291521110e+06
5.250999967842916958e+06
5.199868243991274387e+06
5.259830516614441760e+06
5.243678493278146721e+06
6.580292581034139730e+06
5.240033327422825620e+06
5.189878195527497679e+06
5.244426761203218251e+06
1.679342324762064265e+06
4.568489624870882370e+06
5.155689726616736501e+06
5.198701054867706262e+06
6.171788497402410023e+06
-6.238520075596258976e+06
-7.887554312766066287e+05
5.189663982925155200e+06
5.915295638441222720e+06
6.216467740969106555e+06
6.114656242104304023e+06
5.568864340352951549e+06
6.406849098304641433e+06
4.794170699435687624e+06
5.952630641878242604e+06
2.954813024308059830e+06
-2.787094140174025204e+06
-3.979317266343530733e+06
-8.922258665231999010e+06
-1.010382912716208771e+07
5.102195658731359057e+06
4.947510232422077097e+06
5.678478883855169639e+06
5.680446313833037391e+06
2.375232438546285965e+06
2.009266217679646565e+06
5.839449569041384384e+05
5.988747154904833063e+06
6.038719760757196695e+06
4.828660074386936612e+06
5.357265823567984626e+06
5.968000937685907818e+06
5.754887622656856664e+06
5.760113678158055991e+06
4.762557801079764031e+06
5.375873430490358733e+06
4.740284233634614386e+06
4.731256308557316661e+06
4.714811866588355973e+06
4.703133174951336347e+06
5.275210930394697003e+06
4.675997940969021991e+06
5.006261421415650286e+06
4.938640998326258734e+06
4.615068900969367474e+06
4.625503869328909554e+06
4.605720042339963838e+06
4.589375081334423274e+06
4.590855590161408298e+06
4.580923909699840471e+06
5.341973069352648221e+06
4.554411151279955171e+06
4.549138874325682409e+06
4.530853985387666151e+06
4.902546725937008858e+06
4.523224671491779387e+06
4.487334730149703100e+06
5.161874732462600805e+06
5.237712089687224478e+06
5.351247807093443349e+06
5.409679018959908746e+06
5.387387257716109976e+06
5.335718776867731474e+06
5.321335765864582732e+06
5.266531940263594501e+06
5.246162520635530353e+06
5.215716044532274827e+06
5.198365613407156430e+06
5.299169406953173690e+06
5.366235433514276519e+06
5.302588270219618455e+06
5.252046839639844373e+06
5.228306770756941289e+06
5.195691617962276563e+06
5.195250551432338543e+06
5.191768912224295549e+06
5.215050867139202543e+06
5.244417767865137197e+06
5.228805133016266860e+06
5.255772865645181388e+06
5.315157468005684204e+06
5.337264586613021791e+06
5.350441504786375910e+06
5.424682867791702040e+06
5.456574140282865614e+06
5.504510805417112075e+06
5.582955475900420919e+06
5.583471662710664794e+06
5.639912458321998827e+06
5.697681691152187996e+06
5.747158068292692304e+06
5.770566829506542534e+06
5.805434240113663487e+06
5.835084097126170993e+06
5.854965490204167552e+06
5.839717507550640963e+06
5.867109485982049257e+06
5.527936200396844186e+06
5.606593415925841779e+06
5.621490850786522031e+06
5.646966450879100710e+06
5.655417957152784802e+06
5.665426144782077521e+06
5.643023513085732237e+06
5.751110552429216914e+06
7.552660093444772996e+06
5.765533691914514638e+06
8.207725014130828902e+06
6.484566923095010221e+06
7.149518580845144577e+06
5.793489542931824923e+06
5.923492977155516855e+06
7.427470312808347866e+06
5.843233980805621482e+06
5.827371483730494976e+06
5.853110336040997878e+06
7.216211798287685029e+06
5.925835311805550009e+06
8.420184671915002167e+06
9.528848961571022868e+06
5.941237724103203043e+06
5.879954018041640520e+06
5.864341678269060329e+06
-7.848191516041210853e+05
3.810608977420369163e+06
7.824725287826872431e+06
7.041961396201557480e+06
9.040706794408954680e+06
8.682736890080794692e+06
8.389321248874314129e+06
8.809235597042754292e+06
8.849005508158575743e+06
8.503257701788304374e+06
7.036025188564673066e+06
2.293623279816111550e+06
4.776929130623769015e+04
-3.674021024184381589e+06
-3.723302239706297405e+06
6.393892223569208756e+06
5.750552755259629339e+06
5.675572501934904605e+06
8.392209483942426741e+06
5.430403721053998917e+06
5.886117659901212901e+06
7.125341689665190876e+06
5.661812021160373464e+06
5.634335780210336670e+06
5.615562852523226291e+06
6.701088168150061741e+06
5.560353759191207588e+06
5.511309198762641288e+06
5.540573236647393554e+06
6.892540028708235361e+06
5.514580475317029282e+06
5.478183326943972148e+06
5.413603374332588166e+06
5.438687822144896723e+06
5.675578335767124780e+06
5.419982312100510113e+06
5.369603203899950720e+06
5.408032238799693994e+06
5.383333439332877286e+06
5.312869762394999154e+06
5.342238384472705424e+06
5.339910585675674491e+06
5.318869736454696395e+06
5.303570897986629046e+06
5.244373839521540329e+06
5.601316131923469715e+06
5.249978997012345120e+06
5.242891091475496069e+06
5.550174452521614730e+06
5.659546826428458095e+06
5.145663027225676924e+06
5.460201290731866844e+06
5.497667486030850559e+06
5.552410614066803828e+06
5.565924176108472981e+06
5.598744408349482343e+06
5.551390849020252004e+06
5.571474206652800553e+06
5.433872750624883920e+06
5.372637852090164088e+06
5.330472418275724165e+06
5.215928345673282631e+06
5.254056138117089868e+06
5.263847985579790547e+06
5.272128187111985870e+06
5.219052666093694046e+06
5.160154132407417521e+06
5.055892740852914751e+06
5.001111711154678836e+06
4.963318468056881800e+06
4.935742979920065030e+06
4.898632702096399851e+06
4.891573070668667555e+06
4.872084853070231155e+06
4.848918720144611783e+06
4.813239450585425831e+06
4.837773132449536584e+06
4.838303937311988324e+06
4.845446381939555518e+06
4.873487912084588781e+06
4.851603549717462622e+06
4.899834736837316304e+06
4.926417327500881627e+06
4.953123194150684401e+06
4.985255261660300195e+06
5.040495524851579219e+06
5.067368001579844393e+06
5.093633552716180682e+06
5.121304926511242986e+06
5.127324664678769186e+06
5.099876663865173236e+06
5.086849943018125370e+06
4.785156515557868406e+06
4.865078388806152157e+06
4.914651671785834245e+06
4.972597175421527587e+06
5.010321298351175152e+06
5.041840136081991717e+06
5.098583505894599482e+06
5.267932431263502687e+06
5.155643451975354925e+06
6.750625321060006507e+06
5.248926243485685438e+06
7.009677398544638418e+06
6.173423837367052212e+06
5.405611094215635210e+06
5.389873612469075248e+06
5.430908853653077967e+06
5.842894522780314088e+06
5.969278529534992762e+06
7.808373911033860408e+06
5.776067564012945630e+06
7.088217341950901784e+06
8.287347538663639687e+06
7.597569451393114403e+06
5.659897470059389248e+06
5.685402479236641899e+06
8.466130603355003521e+06
-1.967085352449474391e+06
7.566806505320237949e+06
5.082999666868622415e+06
5.830693480178523809e+06
8.610562583011584356e+06
9.294786223534889519e+06
6.922990198563834652e+06
9.103075528689254075e+06
8.207993679991779849e+06
9.356603914613243192e+06
8.815555783655509353e+06
4.299903856030574068e+06
1.070537458683528937e+06
-2.553251759736351669e+05
3.202045669873161241e+05
5.935201918827256188e+06
5.984938361526356079e+06
5.924076972321243957e+06
8.786341932149305940e+06
7.313842858027782291e+06
6.558799144349412061e+06
8.730738323469365016e+06
5.929418187318453565e+06
8.242801181825921871e+06
8.529102350976547226e+06
5.925816938204676844e+06
6.006320595430745743e+06
6.515516317560101859e+06
6.001897806801171973e+06
5.980849985610211268e+06
5.986637154208121821e+06
5.965946410140208900e+06
5.967406655055713840e+06
5.959507936254939996e+06
5.929776130195534788e+06
7.469185849907187745e+06
5.954018218660962768e+06
5.873711567092193291e+06
5.885912283705293201e+06
5.939521754676828161e+06
5.924056511784601957e+06
5.932493559798549861e+06
5.914003105756457895e+06
5.915315345935773104e+06
5.910254389687539078e+06
7.131896884350690991e+06
7.169552245158735663e+06
5.805853209572390653e+06
5.827800758447893895e+06
5.871305837179346941e+06
6.579713743639905937e+06
6.104161352928072214e+06
6.103316530707280152e+06
6.172504470960098319e+06
6.192204441653466783e+06
6.260971895671274513e+06
6.157304290250089951e+06
6.143132337636398152e+06
6.059947607715972699e+06
6.020062461985702626e+06
5.990179320212059654e+06
5.920459444198061712e+06
5.894276427432178520e+06
5.958235645903030410e+06
5.947048164861978032e+06
5.839953906282498501e+06
5.815971510049726814e+06
5.723460099087640643e+06
5.693641623758202419e+06
5.628757069211851805e+06
5.534369125094466843e+06
5.532172036283425987e+06
5.428597296441864222e+06
5.431383319213568233e+06
5.346568548505609855e+06
5.315875896369142458e+06
5.286226798866583034e+06
5.253199949208107777e+06
5.233626218412016518e+06
5.182855170725261793e+06
5.138147515421085060e+06
5.112240758166546002e+06
5.104044523163854145e+06
5.119911654871733859e+06
5.116112277705958113e+06
5.089837575073367916e+06
5.076044964806017466e+06
5.083161795964694582e+06
5.059337855735840276e+06
5.021212773349507712e+06
5.013120556712405756e+06
4.926479691040864214e+06
4.083890207524797413e+06
4.102107885384595487e+06
4.173797806181191467e+06
4.404621995492551476e+06
4.249499160756500438e+06
4.251275396163216792e+06
4.319794404310865328e+06
4.358348122146106325e+06
4.386484902040256187e+06
5.593038985125524923e+06
4.414367514978628606e+06
5.738302850562227890e+06
5.492503075228727423e+06
4.522105650420305319e+06
4.579218865486765280e+06
5.767547101239332929e+06
4.645183520123630762e+06
4.662185775687941350e+06
4.678864121689287946e+06
4.744885508171593770e+06
5.907656961402150802e+06
3.250518071191330906e+06
4.801403533197251149e+06
5.315143254350692034e+06
4.886902293025574647e+06
4.893441077525358647e+06
-7.515619587670504116e+06
3.527319225735809654e+06
5.677367218909773976e+06
6.542887580678629689e+06
6.883096393564708531e+06
6.920856442137278616e+06
6.137010042921068147e+06
6.264306648418914527e+06
6.496709385288629681e+06
7.029517651551201940e+06
1.346808904655146413e+06
7.123476855558536481e+05
-4.682868730827790685e+06
-6.269209504486793652e+06
-3.148311662974142935e+06
5.614560035020513460e+06
5.277652249654201791e+06
5.309548672228459269e+06
3.910391836835367605e+06
4.194077636762932409e+06
3.834496458695999347e+06
5.660234774523439817e+06
5.356694385274259374e+06
5.324402579402080737e+06
6.259698710526163690e+06
5.367505956629448570e+06
5.380186689829858020e+06
5.343506697306232527e+06
5.346726411943603307e+06
7.253829093398884870e+06
7.069578116168177687e+06
5.361924983182641678e+06
6.194522669011638500e+06
5.414778001084826887e+06
5.434803748790689744e+06
5.433537127295256592e+06
5.375855723642230965e+06
5.442490180550527759e+06
5.435496685987981968e+06
5.448276585517815314e+06
5.688104876291045919e+06
5.442903313731088303e+06
5.417199219904696569e+06
5.423709101043305360e+06
5.441628113388697617e+06
5.449247960567157716e+06
5.444735101685603149e+06
5.793985066307643428e+06
5.440354649347880855e+06
5.414302771801841445e+06
5.412532478781258687e+06
6.079532577547860332e+06
6.130155925192382187e+06
6.172983633268865757e+06
6.289628835143163800e+06
6.307570064009451307e+06
6.247801280030794442e+06
6.234840955670868978e+06
6.259251956667183898e+06
6.202391322500385344e+06
6.225650215844426304e+06
6.239585627013829537e+06
6.186225486673940904e+06
6.317572642059950158e+06
6.287753698566023260e+06
6.249028577874889597e+06
6.179940911420768127e+06
6.194460304413038306e+06
6.136236579458776861e+06
6.130528499528050423e+06
6.088959054892418906e+06
6.121773106616539881e+06
6.091429172674303874e+06
6.046222742808890529e+06
6.033272931991735473e+06
6.021778129190709442e+06
5.981028382261758670e+06
6.036200405438535847e+06
5.976128161647341214e+06
5.939854471715780906e+06
5.954230171341370791e+06
5.929673609917263500e+06
5.914520698958525434e+06
5.884178727737642825e+06
5.905423277921405621e+06
5.891738921061135828e+06
5.869110451609460637e+06
5.863514096619446762e+06
5.810449458137543872e+06
5.774212528730515391e+06
5.745871690036330372e+06
5.660528571484322660e+06
4.551323815877229907e+06
4.596507554070355371e+06
4.570971671004993841e+06
4.626592359312795103e+06
4.646440262502738275e+06
5.470291013449026272e+06
5.687277247679851018e+06
4.653164832937668078e+06
4.647157157987397164e+06
4.696660433275480755e+06
5.206722817649450153e+06
4.671256080662239343e+06
4.717325162376066670e+06
5.918687346002796665e+06
4.712412259483384900e+06
5.908964149639589712e+06
4.936861211009000428e+06
5.725188383991639130e+06
4.765711048547710292e+06
6.105171906254353002e+06
3.269593649349902757e+06
3.904126505828085821e+06
4.867818946293110028e+06
5.835624035088021308e+06
4.785035650191704743e+06
4.782501548413309269e+06
-9.345650185444394127e+06
1.144112330647368450e+06
8.407796462827580981e+05
4.781206099631897174e+06
5.172374757698882371e+06
5.828458021380074322e+06
5.392010446883395314e+06
5.298678909750064835e+06
4.275928890506441705e+06
1.882620782089688350e+06
-3.069863225734166335e+06
-3.366949412781658582e+06
-9.487768590145444497e+06
-1.208072559900198132e+07
5.889263209796556272e+06
4.728712605516614392e+06
5.547657926601212472e+06
5.827486924280739389e+06
3.716747532722540665e+06
-4.068456713718282990e+05
-1.687186867035215488e+06
5.442932458306826651e+06
5.767340445704707876e+06
4.713229638686720282e+06
4.674909387834669091e+06
5.635218113139740191e+06
5.512042531356226653e+06
5.088289869221348315e+06
5.343590746190669015e+06
5.072070625282241032e+06
4.681410785741878673e+06
5.558390530498186126e+06
4.640580684603828005e+06
4.651308638250777498e+06
4.605836391243039630e+06
5.631693087430962361e+06
4.646235264005300589e+06
4.644831371085580438e+06
4.616877496809814125e+06
4.614505670822282322e+06
4.734912577414562926e+06
5.338824218439416960e+06
4.617921031476813368e+06
4.562003870987487957e+06
4.589377199370883405e+06
4.590922581123691984e+06
4.549560643428016454e+06
4.569555795405230485e+06
4.542255180124583654e+06
4.529336371930208988e+06
4.567742493585633114e+06
5.433150452661005780e+06
5.434219566817930900e+06
5.513767375021940097e+06
5.687349574757304043e+06
5.596461687166729942e+06
5.661183264585467055e+06
5.576100784272171557e+06
5.579075369480190799e+06
5.553933814488466829e+06
5.487312369876489975e+06
5.523412953090510331e+06
5.566941328186294995e+06
5.694020163643701002e+06
5.672840717342561111e+06
5.617201951257070526e+06
5.650438390283524990e+06
5.615152240092651919e+06
5.652118028658295050e+06
5.649207554273553193e+06
5.641898898170222528e+06
5.668069455814721063e+06
5.718273251963106915e+06
5.719658763545319438e+06
5.750504368573631160e+06
5.785557546523209661e+06
5.801743857294198126e+06
5.843752405870926566e+06
5.877848396165820770e+06
5.883170804594871588e+06
5.920034937932320870e+06
5.963368035307575017e+06
5.979624916956108063e+06
6.037570158765409142e+06
6.035569786292888224e+06
6.100041598910467699e+06
6.112310436745281331e+06
6.088310893330065534e+06
6.114768541685600765e+06
6.102659681910750456e+06
6.124191406818585470e+06
6.093536545022715814e+06
5.442820018950901926e+06
5.536592810840009712e+06
5.532851603677535430e+06
5.584380111286978237e+06
5.576388069637699984e+06
5.555433585888550617e+06
5.665651873563908041e+06
5.571874651294251904e+06
5.548373733614836819e+06
5.595504770069578663e+06
5.642787997068481520e+06
5.636023587456785142e+06
5.620142202743109316e+06
5.611206246870231815e+06
5.654023080471634865e+06
5.630116650008494034e+06
5.648790372494444251e+06
5.633368767406582832e+06
5.647104286249567755e+06
7.135336002896616235e+06
8.131615380416273139e+06
7.381148227263703011e+06
5.598864888711038977e+06
5.620339392444736324e+06
7.092920910574906506e+06
-1.254286095154849027e+05
-2.333013952385420445e+06
7.061079338891075924e+06
7.710180562234884128e+06
7.691806985212892294e+06
5.461992685429856181e+06
6.023421619267283939e+06
6.377996322956212796e+06
7.532786506233552471e+06
4.558640930176094174e+06
6.301969129969074391e+06
2.189843060616692528e+06
-1.359955239056323189e+06
-5.252158642459996045e+06
-6.136234782269146293e+06
6.992615595570977777e+06
6.111213934110674076e+06
5.267133174995649606e+06
5.229702107444409281e+06
4.894091239357530139e+06
4.112864937493176665e+06
2.284791965995588340e+06
6.087974476727472618e+06
5.686730198587774299e+06
6.181724267344183289e+06
5.088234139486880042e+06
5.126876976042777300e+06
6.357105616597542539e+06
5.089661408066383563e+06
5.615318654921595939e+06
5.043587424208766781e+06
6.151866524127443321e+06
5.025174315439247526e+06
5.012636743298568763e+06
4.987486340810915455e+06
4.966642559301733039e+06
6.185478626344765536e+06
4.944660193043829873e+06
4.894358968486449681e+06
4.910688347628011368e+06
5.053339069827797823e+06
4.886245308611695655e+06
4.858480782875589095e+06
4.838118950803131796e+06
4.838315401132239029e+06
4.791291310557078570e+06
4.805783162977733649e+06
4.776327253277678974e+06
4.769533249926593155e+06
4.762959795767749660e+06
5.203796283777321689e+06
4.728321895447516814e+06
5.193065974550449289e+06
5.246150370886555873e+06
5.318389109686582349e+06
5.438007425516771153e+06
5.407755701406944543e+06
5.323984576687137596e+06
5.273469801769417711e+06
5.224346695504543371e+06
5.166246757316096686e+06
5.132966235412738286e+06
5.113822003332495689e+06
5.146197737891468219e+06
5.236375411089411005e+06
5.123812930435660295e+06
5.085177688542276621e+06
5.052198208479885943e+06
4.988157158706809394e+06
4.992885515308410861e+06
4.959994458500474691e+06
4.939506400903783739e+06
4.977037005675299093e+06
4.953580934382099658e+06
4.963937663903663866e+06
5.022716540896871127e+06
5.029561360187103972e+06
5.041591942180402577e+06
5.060372070147129707e+06
5.104034378294502385e+06
5.125422756138657220e+06
5.138919742586790584e+06
5.184300320620993152e+06
5.238426720183223486e+06
5.289938302453183569e+06
5.376507848483725451e+06
5.402007556467606686e+06
5.444369525743931532e+06
5.489403368035945110e+06
5.491265826374530792e+06
5.488979999792494811e+06
5.505760104083948769e+06
5.477222391620380804e+06
5.294931631958371028e+06
5.392584548931279220e+06
5.381571284070033580e+06
6.144340504511440173e+06
6.731201653391446918e+06
6.000380504748501815e+06
5.489992271966431290e+06
5.603877871641209349e+06
5.635984946858553216e+06
5.660095182195242494e+06
5.672358346928671002e+06
5.679869258905232884e+06
5.685803295809830539e+06
5.752948974609750323e+06
5.780183808098709211e+06
6.642331307436341420e+06
5.841756954873116687e+06
5.864963726261025295e+06
5.861345694006439298e+06
5.902116873008180410e+06
8.412489726814419031e+06
8.094983682827773504e+06
5.910650898873252794e+06
5.968199732120808214e+06
5.975127129704165272e+06
7.740826180334328674e+05
1.233202562141874805e+06
6.527672141585471109e+06
6.951183327738344669e+06
9.590952923659015447e+06
8.962096159528184682e+06
9.539395028935439885e+06
7.992484744637763128e+06
9.491346221567869186e+06
8.734634049412498251e+06
9.492093308683255687e+06
4.999781750541919842e+06
1.872456311131957686e+06
-5.571307453984259628e+05
-6.586532511814599857e+05
7.613930337926765904e+06
9.214298662641197443e+06
5.997731930137548596e+06
8.720953758412491530e+06
6.125666511115444824e+06
6.957878670592706650e+06
6.694312962495025247e+06
8.169771413174890913e+06
5.914161044601917267e+06
9.039803831975156441e+06
6.555816892467052676e+06
5.895222734789989889e+06
5.865487545930287801e+06
5.827789057852227241e+06
5.865722345553598367e+06
5.842317104519156739e+06
5.844295399127310142e+06
7.267848185500767082e+06
5.772824235679792240e+06
5.768952359389511868e+06
5.796112154607684352e+06
5.755182049664563499e+06
5.769294037971152924e+06
5.760981250750659034e+06
5.745275101614866406e+06
5.666792821736031212e+06
5.715150881180176511e+06
5.653716368909668177e+06
7.154066183927720413e+06
5.659386183490541764e+06
5.661257951360565610e+06
5.616669076439039782e+06
5.617911068422156386e+06
5.596028600727717392e+06
5.606333443505824544e+06
5.578580741728950292e+06
6.523881090987520292e+06
5.720154639802870341e+06
5.883232671084168367e+06
5.925202096027383581e+06
5.949358452479016036e+06
5.909551113580110483e+06
5.869920307170108892e+06
5.796170470973877236e+06
5.707775516976354644e+06
5.593976644327845424e+06
5.582218370043944567e+06
5.549931631745981053e+06
5.539756005143687129e+06
5.562222939850591123e+06
5.496869955725969747e+06
5.408928818361675367e+06
5.347841604127292521e+06
5.258061876608323306e+06
5.232340465129554272e+06
5.183388763796521351e+06
5.113503198713211343e+06
5.069679755801127292e+06
5.064014382892570458e+06
5.016461720987545326e+06
4.978044147052183747e+06
4.942817263662618585e+06
4.922050074265746400e+06
4.882905035588843748e+06
4.883819276447188109e+06
4.876421762236236595e+06
4.872962167205479927e+06
4.879387577011954039e+06
4.900196122359358706e+06
4.904739138787978329e+06
4.919353787675863132e+06
4.946254533700224943e+06
4.957773843150906265e+06
4.966413238128545694e+06
4.961832574455512688e+06
4.936726977932666428e+06
4.927866619805842638e+06
4.865328692836292088e+06
4.417960393027929589e+06
4.466748474824937060e+06
4.478950615394753404e+06
4.527664060302028432e+06
4.606401547254575416e+06
4.629754364284275100e+06
4.674722153350814246e+06
5.341120252718532458e+06
4.725420828929646872e+06
4.805612104423675686e+06
5.808637085175409913e+06
4.886530147068009712e+06
5.285481232188571244e+06
4.917953641091609374e+06
4.977720938969185576e+06
5.437144864553065971e+06
5.066962809865710326e+06
5.098077677738928236e+06
5.094628880103897303e+06
