 -90.00  4.57  0.88802E+10  0.030 277.0  0.29544E+12
 -89.50  0.96  0.88478E+10  0.030 277.1  0.29471E+12
 -89.00  0.96  0.88192E+10  0.030 277.3  0.29415E+12
 -88.50  0.96  0.87940E+10  0.030 277.4  0.29374E+12
 -88.00  0.96  0.87719E+10  0.030 277.5  0.29347E+12
 -87.50  0.96  0.87523E+10  0.030 277.6  0.29332E+12
 -87.00  0.96  0.87345E+10  0.030 277.7  0.29327E+12
 -86.50  0.95  0.87179E+10  0.030 277.7  0.29330E+12
 -86.00  0.95  0.87016E+10  0.030 277.7  0.29337E+12
 -85.50  0.95  0.86845E+10  0.030 277.7  0.29345E+12
 -85.00  0.95  0.86659E+10  0.030 277.7  0.29352E+12
 -84.50  0.95  0.86450E+10  0.029 277.6  0.29353E+12
 -84.00  0.95  0.86206E+10  0.029 277.5  0.29345E+12
 -83.50  0.95  0.85922E+10  0.029 277.3  0.29325E+12
 -83.00  0.95  0.85588E+10  0.029 277.1  0.29290E+12
 -82.50  0.95  0.85199E+10  0.029 276.9  0.29237E+12
 -82.00  0.95  0.84750E+10  0.029 276.7  0.29165E+12
 -81.50  0.95  0.84237E+10  0.029 276.4  0.29071E+12
 -81.00  0.95  0.83657E+10  0.029 276.1  0.28953E+12
 -80.50  0.95  0.83010E+10  0.029 275.7  0.28812E+12
 -80.00  0.95  0.82293E+10  0.029 275.4  0.28645E+12
 -79.50  0.95  0.81511E+10  0.029 275.0  0.28454E+12
 -79.00  0.95  0.80664E+10  0.029 274.6  0.28238E+12
 -78.50  0.95  0.79755E+10  0.028 274.2  0.27998E+12
 -78.00  0.95  0.78788E+10  0.028 273.8  0.27736E+12
 -77.50  0.95  0.77769E+10  0.028 273.4  0.27451E+12
 -77.00  0.95  0.76702E+10  0.028 273.0  0.27147E+12
 -76.50  0.95  0.75593E+10  0.028 272.7  0.26824E+12
 -76.00  0.95  0.74448E+10  0.028 272.3  0.26485E+12
 -75.50  0.95  0.73274E+10  0.028 272.0  0.26131E+12
 -75.00  0.95  0.72075E+10  0.028 271.7  0.25765E+12
 -74.50  0.95  0.70860E+10  0.028 271.4  0.25388E+12
 -74.00  0.95  0.69633E+10  0.028 271.1  0.25003E+12
 -73.50  0.95  0.68401E+10  0.028 270.9  0.24611E+12
 -73.00  0.95  0.67170E+10  0.028 270.7  0.24215E+12
 -72.50  0.95  0.65944E+10  0.028 270.6  0.23817E+12
 -72.00  0.95  0.64729E+10  0.028 270.5  0.23417E+12
 -71.50  0.95  0.63530E+10  0.028 270.5  0.23019E+12
 -71.00  0.95  0.62350E+10  0.028 270.5  0.22623E+12
 -70.50  0.95  0.61195E+10  0.028 270.6  0.22232E+12
 -70.00  0.95  0.60065E+10  0.027 270.7  0.21845E+12
 -69.50  0.95  0.58966E+10  0.027 270.9  0.21465E+12
 -69.00  0.95  0.57898E+10  0.027 271.2  0.21092E+12
 -68.50  0.95  0.56865E+10  0.027 271.5  0.20727E+12
 -68.00  0.95  0.55868E+10  0.027 271.9  0.20372E+12
 -67.50  0.95  0.54908E+10  0.027 272.4  0.20026E+12
 -67.00  0.95  0.53986E+10  0.027 272.9  0.19690E+12
 -66.50  0.95  0.53102E+10  0.027 273.5  0.19365E+12
 -66.00  0.95  0.52257E+10  0.027 274.2  0.19050E+12
 -65.50  0.95  0.51450E+10  0.027 274.9  0.18746E+12
 -65.00  0.95  0.50681E+10  0.027 275.6  0.18454E+12
 -64.50  0.95  0.49948E+10  0.027 276.4  0.18172E+12
 -64.00  0.95  0.49251E+10  0.028 277.3  0.17901E+12
 -63.50  0.95  0.48589E+10  0.028 278.2  0.17640E+12
 -63.00  0.95  0.47960E+10  0.028 279.1  0.17390E+12
 -62.50  0.95  0.47363E+10  0.028 280.1  0.17150E+12
 -62.00  0.95  0.46796E+10  0.028 281.1  0.16919E+12
 -61.50  0.95  0.46257E+10  0.028 282.1  0.16698E+12
 -61.00  0.95  0.45744E+10  0.028 283.1  0.16486E+12
 -60.50  0.95  0.45256E+10  0.028 284.1  0.16282E+12
 -60.00  0.95  0.44791E+10  0.028 285.1  0.16086E+12
 -59.50  0.95  0.44347E+10  0.028 286.1  0.15897E+12
 -59.00  0.95  0.43921E+10  0.028 287.1  0.15716E+12
 -58.50  0.95  0.43513E+10  0.028 288.0  0.15541E+12
 -58.00  0.95  0.43120E+10  0.028 289.0  0.15372E+12
 -57.50  0.95  0.42741E+10  0.028 289.9  0.15208E+12
 -57.00  0.95  0.42374E+10  0.028 290.8  0.15049E+12
 -56.50  0.95  0.42018E+10  0.028 291.7  0.14895E+12
 -56.00  0.95  0.41671E+10  0.028 292.5  0.14745E+12
 -55.50  0.95  0.41333E+10  0.028 293.4  0.14599E+12
 -55.00  0.95  0.41000E+10  0.028 294.1  0.14455E+12
 -54.50  0.95  0.40673E+10  0.028 294.9  0.14315E+12
 -54.00  0.95  0.40350E+10  0.028 295.7  0.14176E+12
 -53.50  0.95  0.40031E+10  0.029 296.4  0.14040E+12
 -53.00  0.95  0.39713E+10  0.029 297.1  0.13906E+12
 -52.50  0.95  0.39397E+10  0.029 297.7  0.13773E+12
 -52.00  0.95  0.39082E+10  0.029 298.4  0.13641E+12
 -51.50  0.95  0.38767E+10  0.029 299.0  0.13511E+12
 -51.00  0.95  0.38451E+10  0.029 299.6  0.13381E+12
 -50.50  0.95  0.38134E+10  0.029 300.1  0.13251E+12
 -50.00  0.95  0.37815E+10  0.029 300.7  0.13122E+12
 -49.50  0.95  0.37494E+10  0.029 301.2  0.12993E+12
 -49.00  0.95  0.37172E+10  0.029 301.7  0.12864E+12
 -48.50  0.95  0.36847E+10  0.029 302.2  0.12736E+12
 -48.00  0.95  0.36520E+10  0.029 302.6  0.12608E+12
 -47.50  0.95  0.36191E+10  0.029 303.1  0.12479E+12
 -47.00  0.95  0.35859E+10  0.029 303.5  0.12351E+12
 -46.50  0.95  0.35526E+10  0.029 303.9  0.12223E+12
 -46.00  0.95  0.35191E+10  0.029 304.2  0.12095E+12
 -45.50  0.95  0.34855E+10  0.029 304.6  0.11967E+12
 -45.00  0.95  0.34511E+10  0.029 304.8  0.11840E+12
 -44.50  0.95  0.34167E+10  0.029 305.0  0.11714E+12
 -44.00  0.95  0.33824E+10  0.029 305.2  0.11587E+12
 -43.50  0.95  0.33483E+10  0.029 305.4  0.11462E+12
 -43.00  0.95  0.33143E+10  0.029 305.6  0.11338E+12
 -42.50  0.95  0.32807E+10  0.029 305.9  0.11215E+12
 -42.00  0.95  0.32473E+10  0.029 306.1  0.11093E+12
 -41.50  0.95  0.32143E+10  0.029 306.3  0.10973E+12
 -41.00  0.95  0.31818E+10  0.029 306.5  0.10854E+12
 -40.50  0.95  0.31499E+10  0.029 306.7  0.10738E+12
 -40.00  0.95  0.31186E+10  0.029 306.9  0.10624E+12
 -39.50  0.95  0.30879E+10  0.029 307.1  0.10512E+12
 -39.00  0.95  0.30581E+10  0.029 307.3  0.10403E+12
 -38.50  0.95  0.30291E+10  0.029 307.5  0.10297E+12
 -38.00  0.95  0.30011E+10  0.029 307.7  0.10194E+12
 -37.50  0.95  0.29741E+10  0.029 307.9  0.10095E+12
 -37.00  0.95  0.29483E+10  0.029 308.2  0.99996E+11
 -36.50  0.95  0.29237E+10  0.030 308.4  0.99081E+11
 -36.00  0.95  0.29004E+10  0.030 308.6  0.98208E+11
 -35.50  0.95  0.28786E+10  0.030 308.9  0.97382E+11
 -35.00  0.95  0.28582E+10  0.030 309.1  0.96603E+11
 -34.50  0.95  0.28395E+10  0.030 309.4  0.95876E+11
 -34.00  0.95  0.28224E+10  0.030 309.6  0.95203E+11
 -33.50  0.95  0.28072E+10  0.030 309.9  0.94587E+11
 -33.00  0.95  0.27939E+10  0.030 310.2  0.94030E+11
 -32.50  0.95  0.27825E+10  0.030 310.5  0.93536E+11
 -32.00  0.95  0.27733E+10  0.030 310.8  0.93109E+11
 -31.50  0.95  0.27664E+10  0.030 311.2  0.92750E+11
 -31.00  0.95  0.27617E+10  0.030 311.5  0.92463E+11
 -30.50  0.95  0.27595E+10  0.030 311.9  0.92252E+11
 -30.00  0.95  0.27599E+10  0.030 312.2  0.92119E+11
 -29.50  0.95  0.27630E+10  0.030 312.6  0.92069E+11
 -29.00  0.95  0.27689E+10  0.030 313.0  0.92106E+11
 -28.50  0.95  0.27778E+10  0.030 313.4  0.92231E+11
 -28.00  0.95  0.27898E+10  0.030 313.9  0.92451E+11
 -27.50  0.95  0.28050E+10  0.030 314.3  0.92769E+11
 -27.00  0.95  0.28236E+10  0.030 314.8  0.93189E+11
 -26.50  0.95  0.28458E+10  0.030 315.3  0.93715E+11
 -26.00  0.95  0.28716E+10  0.030 315.8  0.94352E+11
 -25.50  0.95  0.29014E+10  0.031 316.4  0.95105E+11
 -25.00  0.95  0.29352E+10  0.031 316.9  0.95978E+11
 -24.50  0.95  0.29732E+10  0.031 317.5  0.96977E+11
 -24.00  0.95  0.30157E+10  0.031 318.1  0.98107E+11
 -23.50  0.95  0.30627E+10  0.031 318.7  0.99373E+11
 -23.00  0.95  0.31146E+10  0.031 319.4  0.10078E+12
 -22.50  0.95  0.31714E+10  0.031 320.0  0.10233E+12
 -22.00  0.95  0.32334E+10  0.031 320.7  0.10404E+12
 -21.50  0.95  0.33008E+10  0.031 321.4  0.10591E+12
 -21.00  0.95  0.33738E+10  0.031 322.1  0.10794E+12
 -20.50  0.95  0.34526E+10  0.031 322.9  0.11014E+12
 -20.00  0.95  0.35373E+10  0.031 323.6  0.11251E+12
 -19.50  0.95  0.36281E+10  0.032 324.4  0.11507E+12
 -19.00  0.95  0.37251E+10  0.032 325.2  0.11780E+12
 -18.50  0.95  0.38286E+10  0.032 326.0  0.12073E+12
 -18.00  0.95  0.39385E+10  0.032 326.8  0.12385E+12
 -17.50  0.95  0.40551E+10  0.032 327.6  0.12717E+12
 -17.00  0.95  0.41782E+10  0.032 328.5  0.13069E+12
 -16.50  0.95  0.43080E+10  0.032 329.3  0.13441E+12
 -16.00  0.95  0.44443E+10  0.032 330.1  0.13832E+12
 -15.50  0.95  0.45871E+10  0.032 331.0  0.14243E+12
 -15.00  0.95  0.47361E+10  0.032 331.8  0.14674E+12
 -14.50  0.95  0.48912E+10  0.032 332.7  0.15124E+12
 -14.00  0.95  0.50520E+10  0.032 333.5  0.15592E+12
 -13.50  0.95  0.52181E+10  0.032 334.4  0.16078E+12
 -13.00  0.95  0.53889E+10  0.033 335.2  0.16579E+12
 -12.50  0.95  0.55639E+10  0.033 336.0  0.17095E+12
 -12.00  0.95  0.57423E+10  0.033 336.7  0.17623E+12
 -11.50  0.95  0.59233E+10  0.033 337.5  0.18161E+12
 -11.00  0.95  0.61058E+10  0.033 338.2  0.18708E+12
 -10.50  0.95  0.62889E+10  0.033 338.9  0.19258E+12
 -10.00  0.95  0.64713E+10  0.033 339.5  0.19811E+12
  -9.50  0.95  0.66517E+10  0.033 340.1  0.20360E+12
  -9.00  0.95  0.68287E+10  0.033 340.6  0.20903E+12
  -8.50  0.95  0.70007E+10  0.033 341.1  0.21434E+12
  -8.00  0.95  0.71661E+10  0.033 341.5  0.21950E+12
  -7.50  0.95  0.73232E+10  0.033 341.8  0.22443E+12
  -7.00  0.95  0.74703E+10  0.033 342.0  0.22910E+12
  -6.50  0.95  0.76054E+10  0.033 342.1  0.23345E+12
  -6.00  0.95  0.77269E+10  0.033 342.1  0.23741E+12
  -5.50  0.95  0.78329E+10  0.033 342.1  0.24093E+12
  -5.00  0.95  0.79217E+10  0.032 341.9  0.24396E+12
  -4.50  0.95  0.79917E+10  0.032 341.5  0.24645E+12
  -4.00  0.95  0.80413E+10  0.032 341.1  0.24835E+12
  -3.50  0.95  0.80693E+10  0.032 340.4  0.24962E+12
  -3.00  0.95  0.80745E+10  0.032 339.7  0.25023E+12
  -2.50  0.95  0.80563E+10  0.032 338.8  0.25016E+12
  -2.00  0.95  0.80141E+10  0.032 337.7  0.24940E+12
  -1.50  0.95  0.79478E+10  0.032 336.4  0.24795E+12
  -1.00  0.95  0.78578E+10  0.032 335.0  0.24584E+12
  -0.50  0.95  0.77450E+10  0.032 333.5  0.24309E+12
   0.00  0.95  0.76106E+10  0.032 331.7  0.23975E+12
   0.50  0.95  0.74565E+10  0.032 329.8  0.23588E+12
   1.00  0.95  0.72850E+10  0.031 327.8  0.23157E+12
   1.50  0.95  0.70989E+10  0.031 325.5  0.22688E+12
   2.00  0.95  0.69015E+10  0.031 323.2  0.22194E+12
   2.50  0.95  0.66964E+10  0.031 320.7  0.21684E+12
   3.00  0.95  0.64875E+10  0.031 318.2  0.21170E+12
   3.50  0.95  0.62788E+10  0.030 315.5  0.20664E+12
   4.00  0.95  0.60745E+10  0.030 312.7  0.20178E+12
   4.50  0.95  0.58787E+10  0.030 309.9  0.19723E+12
   5.00  0.95  0.56953E+10  0.029 307.1  0.19311E+12
   5.50  0.95  0.55279E+10  0.029 304.3  0.18953E+12
   6.00  0.95  0.53798E+10  0.029 301.4  0.18659E+12
   6.50  0.95  0.52540E+10  0.028 298.7  0.18438E+12
   7.00  0.95  0.51528E+10  0.028 296.0  0.18298E+12
   7.50  0.95  0.50782E+10  0.028 293.3  0.18247E+12
   8.00  0.95  0.50319E+10  0.028 290.8  0.18290E+12
   8.50  0.95  0.50147E+10  0.027 288.4  0.18430E+12
   9.00  0.95  0.50272E+10  0.027 286.2  0.18673E+12
   9.50  0.95  0.50695E+10  0.027 284.1  0.19017E+12
  10.00  0.95  0.51409E+10  0.026 282.1  0.19462E+12
  10.50  0.95  0.52402E+10  0.026 280.4  0.20004E+12
  11.00  0.95  0.53657E+10  0.026 278.8  0.20637E+12
  11.50  0.95  0.55146E+10  0.026 277.4  0.21352E+12
  12.00  0.95  0.56835E+10  0.026 276.2  0.22135E+12
  12.50  0.95  0.58683E+10  0.026 275.1  0.22970E+12
  13.00  0.95  0.60637E+10  0.025 274.2  0.23837E+12
  13.50  0.95  0.62642E+10  0.025 273.4  0.24715E+12
  14.00  0.95  0.64635E+10  0.025 272.8  0.25577E+12
  14.50  0.95  0.66549E+10  0.025 272.3  0.26398E+12
  15.00  0.95  0.68319E+10  0.025 271.9  0.27151E+12
  15.50  0.95  0.69881E+10  0.025 271.6  0.27812E+12
  16.00  0.95  0.71177E+10  0.025 271.4  0.28357E+12
  16.50  0.95  0.72160E+10  0.025 271.3  0.28767E+12
  17.00  0.95  0.72793E+10  0.025 271.2  0.29030E+12
  17.50  0.95  0.73054E+10  0.025 271.2  0.29136E+12
  18.00  0.95  0.72937E+10  0.025 271.2  0.29085E+12
  18.50  0.95  0.72447E+10  0.025 271.3  0.28880E+12
  19.00  0.95  0.71606E+10  0.025 271.4  0.28530E+12
  19.50  0.95  0.70447E+10  0.025 271.5  0.28050E+12
  20.00  0.95  0.69013E+10  0.025 271.7  0.27459E+12
  20.50  0.95  0.67351E+10  0.025 271.8  0.26776E+12
  21.00  0.95  0.65515E+10  0.025 272.0  0.26024E+12
  21.50  0.95  0.63556E+10  0.025 272.2  0.25223E+12
  22.00  0.95  0.61527E+10  0.025 272.5  0.24394E+12
  22.50  0.95  0.59474E+10  0.025 272.7  0.23557E+12
  23.00  0.95  0.57438E+10  0.025 273.0  0.22727E+12
  23.50  0.95  0.55455E+10  0.025 273.3  0.21919E+12
  24.00  0.95  0.53554E+10  0.025 273.6  0.21142E+12
  24.50  0.95  0.51756E+10  0.025 274.0  0.20406E+12
  25.00  0.95  0.50075E+10  0.025 274.4  0.19716E+12
  25.50  0.95  0.48522E+10  0.025 274.8  0.19076E+12
  26.00  0.95  0.47100E+10  0.025 275.2  0.18486E+12
  26.50  0.95  0.45810E+10  0.026 275.7  0.17946E+12
  27.00  0.95  0.44647E+10  0.026 276.2  0.17455E+12
  27.50  0.95  0.43605E+10  0.026 276.7  0.17011E+12
  28.00  0.95  0.42676E+10  0.026 277.3  0.16610E+12
  28.50  0.95  0.41851E+10  0.026 277.9  0.16247E+12
  29.00  0.95  0.41118E+10  0.026 278.5  0.15920E+12
  29.50  0.95  0.40466E+10  0.026 279.1  0.15624E+12
  30.00  0.95  0.39885E+10  0.026 279.7  0.15355E+12
  30.50  0.95  0.39364E+10  0.026 280.4  0.15108E+12
  31.00  0.95  0.38892E+10  0.026 281.1  0.14880E+12
  31.50  0.95  0.38459E+10  0.026 281.8  0.14667E+12
  32.00  0.95  0.38056E+10  0.026 282.5  0.14466E+12
  32.50  0.95  0.37675E+10  0.026 283.2  0.14274E+12
  33.00  0.95  0.37309E+10  0.026 283.9  0.14088E+12
  33.50  0.95  0.36951E+10  0.027 284.6  0.13907E+12
  34.00  0.95  0.36595E+10  0.027 285.4  0.13727E+12
  34.50  0.95  0.36237E+10  0.027 286.1  0.13548E+12
  35.00  0.95  0.35873E+10  0.027 286.8  0.13368E+12
  35.50  0.95  0.35500E+10  0.027 287.5  0.13186E+12
  36.00  0.95  0.35116E+10  0.027 288.2  0.13002E+12
  36.50  0.95  0.34718E+10  0.027 288.9  0.12815E+12
  37.00  0.95  0.34306E+10  0.027 289.6  0.12624E+12
  37.50  0.95  0.33879E+10  0.027 290.3  0.12430E+12
  38.00  0.95  0.33438E+10  0.027 291.0  0.12233E+12
  38.50  0.95  0.32982E+10  0.027 291.6  0.12032E+12
  39.00  0.95  0.32513E+10  0.027 292.3  0.11829E+12
  39.50  0.95  0.32031E+10  0.028 292.9  0.11623E+12
  40.00  0.95  0.31538E+10  0.028 293.5  0.11415E+12
  40.50  0.95  0.31035E+10  0.028 294.1  0.11206E+12
  41.00  0.95  0.30523E+10  0.028 294.7  0.10995E+12
  41.50  0.95  0.30005E+10  0.028 295.3  0.10784E+12
  42.00  0.95  0.29481E+10  0.028 295.8  0.10574E+12
  42.50  0.95  0.28953E+10  0.028 296.4  0.10363E+12
  43.00  0.95  0.28424E+10  0.028 296.9  0.10154E+12
  43.50  0.95  0.27894E+10  0.028 297.4  0.99464E+11
  44.00  0.95  0.27366E+10  0.028 297.9  0.97408E+11
  44.50  0.95  0.26840E+10  0.028 298.4  0.95378E+11
  45.00  0.95  0.26318E+10  0.028 298.8  0.93377E+11
  45.50  0.95  0.25801E+10  0.028 299.3  0.91409E+11
  46.00  0.95  0.25291E+10  0.028 299.7  0.89477E+11
  46.50  0.95  0.24788E+10  0.028 300.1  0.87585E+11
  47.00  0.95  0.24294E+10  0.028 300.5  0.85735E+11
  47.50  0.95  0.23809E+10  0.028 300.8  0.83930E+11
  48.00  0.95  0.23335E+10  0.028 301.2  0.82170E+11
  48.50  0.95  0.22871E+10  0.028 301.5  0.80459E+11
  49.00  0.95  0.22419E+10  0.028 301.9  0.78798E+11
  49.50  0.95  0.21979E+10  0.028 302.2  0.77187E+11
  50.00  0.95  0.21551E+10  0.028 302.5  0.75628E+11
  50.50  0.95  0.21136E+10  0.029 302.8  0.74120E+11
  51.00  0.95  0.20734E+10  0.029 303.0  0.72665E+11
  51.50  0.95  0.20346E+10  0.029 303.3  0.71263E+11
  52.00  0.95  0.19971E+10  0.029 303.5  0.69913E+11
  52.50  0.95  0.19609E+10  0.029 303.8  0.68615E+11
  53.00  0.95  0.19261E+10  0.029 304.0  0.67370E+11
  53.50  0.95  0.18926E+10  0.029 304.2  0.66175E+11
  54.00  0.95  0.18606E+10  0.029 304.4  0.65032E+11
  54.50  0.95  0.18298E+10  0.029 304.5  0.63940E+11
  55.00  0.95  0.18004E+10  0.029 304.7  0.62896E+11
  55.50  0.95  0.17723E+10  0.029 304.9  0.61902E+11
  56.00  0.95  0.17455E+10  0.029 305.0  0.60955E+11
  56.50  0.95  0.17199E+10  0.029 305.2  0.60056E+11
  57.00  0.95  0.16957E+10  0.029 305.3  0.59202E+11
  57.50  0.95  0.16726E+10  0.029 305.4  0.58393E+11
  58.00  0.95  0.16508E+10  0.029 305.5  0.57628E+11
  58.50  0.95  0.16302E+10  0.029 305.6  0.56906E+11
  59.00  0.95  0.16107E+10  0.029 305.7  0.56226E+11
  59.50  0.95  0.15924E+10  0.029 305.8  0.55586E+11
  60.00  0.95  0.15752E+10  0.029 305.9  0.54986E+11
  60.50  0.95  0.15591E+10  0.029 305.9  0.54425E+11
  61.00  0.95  0.15440E+10  0.029 306.0  0.53901E+11
  61.50  0.95  0.15299E+10  0.029 306.1  0.53414E+11
  62.00  0.95  0.15169E+10  0.029 306.1  0.52962E+11
  62.50  0.95  0.15048E+10  0.029 306.2  0.52545E+11
  63.00  0.95  0.14937E+10  0.029 306.2  0.52162E+11
  63.50  0.95  0.14836E+10  0.029 306.2  0.51811E+11
  64.00  0.95  0.14743E+10  0.029 306.3  0.51492E+11
  64.50  0.95  0.14659E+10  0.029 306.3  0.51203E+11
  65.00  0.95  0.14583E+10  0.029 306.3  0.50945E+11
  65.50  0.95  0.14516E+10  0.029 306.3  0.50716E+11
  66.00  0.95  0.14457E+10  0.029 306.3  0.50515E+11
  66.50  0.95  0.14406E+10  0.029 306.3  0.50341E+11
  67.00  0.95  0.14362E+10  0.029 306.3  0.50194E+11
  67.50  0.95  0.14326E+10  0.029 306.3  0.50073E+11
  68.00  0.95  0.14297E+10  0.029 306.3  0.49977E+11
  68.50  0.95  0.14275E+10  0.029 306.3  0.49905E+11
  69.00  0.95  0.14260E+10  0.029 306.3  0.49857E+11
  69.50  0.95  0.14252E+10  0.029 306.3  0.49832E+11
  70.00  0.95  0.14250E+10  0.029 306.2  0.49830E+11
  70.50  0.95  0.14254E+10  0.029 306.2  0.49849E+11
  71.00  0.95  0.14264E+10  0.029 306.2  0.49890E+11
  71.50  0.95  0.14279E+10  0.029 306.1  0.49951E+11
  72.00  0.95  0.14302E+10  0.029 306.1  0.50032E+11
  72.50  0.95  0.14329E+10  0.029 306.1  0.50132E+11
  73.00  0.95  0.14362E+10  0.029 306.1  0.50252E+11
  73.50  0.95  0.14400E+10  0.029 306.0  0.50390E+11
  74.00  0.95  0.14444E+10  0.029 306.0  0.50546E+11
  74.50  0.95  0.14492E+10  0.029 305.9  0.50719E+11
  75.00  0.95  0.14545E+10  0.029 305.9  0.50909E+11
  75.50  0.95  0.14602E+10  0.029 305.8  0.51115E+11
  76.00  0.95  0.14664E+10  0.029 305.8  0.51337E+11
  76.50  0.95  0.14731E+10  0.029 305.7  0.51575E+11
  77.00  0.95  0.14801E+10  0.029 305.7  0.51827E+11
  77.50  0.95  0.14875E+10  0.029 305.6  0.52093E+11
  78.00  0.95  0.14953E+10  0.029 305.5  0.52372E+11
  78.50  0.95  0.15035E+10  0.029 305.5  0.52665E+11
  79.00  0.95  0.15120E+10  0.029 305.4  0.52970E+11
  79.50  0.95  0.15208E+10  0.029 305.3  0.53286E+11
  80.00  0.95  0.15298E+10  0.029 305.2  0.53613E+11
  80.50  0.95  0.15392E+10  0.029 305.1  0.53951E+11
  81.00  0.95  0.15487E+10  0.029 305.0  0.54297E+11
  81.50  0.95  0.15584E+10  0.029 304.9  0.54653E+11
  82.00  0.95  0.15683E+10  0.029 304.8  0.55015E+11
  82.50  0.95  0.15783E+10  0.028 304.7  0.55384E+11
  83.00  0.95  0.15884E+10  0.028 304.6  0.55759E+11
  83.50  0.95  0.15986E+10  0.028 304.5  0.56138E+11
  84.00  0.95  0.16087E+10  0.028 304.3  0.56519E+11
  84.50  0.95  0.16187E+10  0.028 304.2  0.56903E+11
  85.00  0.95  0.16287E+10  0.028 304.0  0.57287E+11
  85.50  0.95  0.16385E+10  0.028 303.8  0.57670E+11
  86.00  0.95  0.16481E+10  0.028 303.6  0.58051E+11
  86.50  0.95  0.16574E+10  0.028 303.4  0.58429E+11
  87.00  0.95  0.16664E+10  0.028 303.1  0.58803E+11
  87.50  0.95  0.16751E+10  0.028 302.9  0.59171E+11
  88.00  0.95  0.16834E+10  0.028 302.6  0.59535E+11
  88.50  0.95  0.16913E+10  0.028 302.3  0.59891E+11
  89.00  0.95  0.16988E+10  0.028 301.9  0.60243E+11
  89.50  0.94  0.17059E+10  0.028 301.6  0.60589E+11
  90.00 16.55  0.17126E+10  0.028 301.2  0.60932E+11
